"tree","inference_model","inference_model_weight","site_model","clock_model","tree_prior","error_1","error_2","error_3","error_4","error_5","error_6","error_7","error_8","error_9","error_10","error_11","error_12","error_13","error_14","error_15","error_16","error_17","error_18","error_19","error_20","error_21","error_22","error_23","error_24","error_25","error_26","error_27","error_28","error_29","error_30","error_31","error_32","error_33","error_34","error_35","error_36","error_37","error_38","error_39","error_40","error_41","error_42","error_43","error_44","error_45","error_46","error_47","error_48","error_49","error_50","error_51","error_52","error_53","error_54","error_55","error_56","error_57","error_58","error_59","error_60","error_61","error_62","error_63","error_64","error_65","error_66","error_67","error_68","error_69","error_70","error_71","error_72","error_73","error_74","error_75","error_76","error_77","error_78","error_79","error_80","error_81","error_82","error_83","error_84","error_85","error_86","error_87","error_88","error_89","error_90","error_91","error_92","error_93","error_94","error_95","error_96","error_97","error_98","error_99","error_100","error_101","error_102","error_103","error_104","error_105","error_106","error_107","error_108","error_109","error_110","error_111","error_112","error_113","error_114","error_115","error_116","error_117","error_118","error_119","error_120","error_121","error_122","error_123","error_124","error_125","error_126","error_127","error_128","error_129","error_130","error_131","error_132","error_133","error_134","error_135","error_136","error_137","error_138","error_139","error_140","error_141","error_142","error_143","error_144","error_145","error_146","error_147","error_148","error_149","error_150","error_151","error_152","error_153","error_154","error_155","error_156","error_157","error_158","error_159","error_160","error_161","error_162","error_163","error_164","error_165","error_166","error_167","error_168","error_169","error_170","error_171","error_172","error_173","error_174","error_175","error_176","error_177","error_178","error_179","error_180","error_181","error_182","error_183","error_184","error_185","error_186","error_187","error_188","error_189","error_190","error_191","error_192","error_193","error_194","error_195","error_196","error_197","error_198","error_199","error_200","error_201","error_202","error_203","error_204","error_205","error_206","error_207","error_208","error_209","error_210","error_211","error_212","error_213","error_214","error_215","error_216","error_217","error_218","error_219","error_220","error_221","error_222","error_223","error_224","error_225","error_226","error_227","error_228","error_229","error_230","error_231","error_232","error_233","error_234","error_235","error_236","error_237","error_238","error_239","error_240","error_241","error_242","error_243","error_244","error_245","error_246","error_247","error_248","error_249","error_250","error_251","error_252","error_253","error_254","error_255","error_256","error_257","error_258","error_259","error_260","error_261","error_262","error_263","error_264","error_265","error_266","error_267","error_268","error_269","error_270","error_271","error_272","error_273","error_274","error_275","error_276","error_277","error_278","error_279","error_280","error_281","error_282","error_283","error_284","error_285","error_286","error_287","error_288","error_289","error_290","error_291","error_292","error_293","error_294","error_295","error_296","error_297","error_298","error_299","error_300","error_301","error_302","error_303","error_304","error_305","error_306","error_307","error_308","error_309","error_310","error_311","error_312","error_313","error_314","error_315","error_316","error_317","error_318","error_319","error_320","error_321","error_322","error_323","error_324","error_325","error_326","error_327","error_328","error_329","error_330","error_331","error_332","error_333","error_334","error_335","error_336","error_337","error_338","error_339","error_340","error_341","error_342","error_343","error_344","error_345","error_346","error_347","error_348","error_349","error_350","error_351","error_352","error_353","error_354","error_355","error_356","error_357","error_358","error_359","error_360","error_361","error_362","error_363","error_364","error_365","error_366","error_367","error_368","error_369","error_370","error_371","error_372","error_373","error_374","error_375","error_376","error_377","error_378","error_379","error_380","error_381","error_382","error_383","error_384","error_385","error_386","error_387","error_388","error_389","error_390","error_391","error_392","error_393","error_394","error_395","error_396","error_397","error_398","error_399","error_400","error_401","error_402","error_403","error_404","error_405","error_406","error_407","error_408","error_409","error_410","error_411","error_412","error_413","error_414","error_415","error_416","error_417","error_418","error_419","error_420","error_421","error_422","error_423","error_424","error_425","error_426","error_427","error_428","error_429","error_430","error_431","error_432","error_433","error_434","error_435","error_436","error_437","error_438","error_439","error_440","error_441","error_442","error_443","error_444","error_445","error_446","error_447","error_448","error_449","error_450","error_451","error_452","error_453","error_454","error_455","error_456","error_457","error_458","error_459","error_460","error_461","error_462","error_463","error_464","error_465","error_466","error_467","error_468","error_469","error_470","error_471","error_472","error_473","error_474","error_475","error_476","error_477","error_478","error_479","error_480","error_481","error_482","error_483","error_484","error_485","error_486","error_487","error_488","error_489","error_490","error_491","error_492","error_493","error_494","error_495","error_496","error_497","error_498","error_499","error_500","error_501","error_502","error_503","error_504","error_505","error_506","error_507","error_508","error_509","error_510","error_511","error_512","error_513","error_514","error_515","error_516","error_517","error_518","error_519","error_520","error_521","error_522","error_523","error_524","error_525","error_526","error_527","error_528","error_529","error_530","error_531","error_532","error_533","error_534","error_535","error_536","error_537","error_538","error_539","error_540","error_541","error_542","error_543","error_544","error_545","error_546","error_547","error_548","error_549","error_550","error_551","error_552","error_553","error_554","error_555","error_556","error_557","error_558","error_559","error_560","error_561","error_562","error_563","error_564","error_565","error_566","error_567","error_568","error_569","error_570","error_571","error_572","error_573","error_574","error_575","error_576","error_577","error_578","error_579","error_580","error_581","error_582","error_583","error_584","error_585","error_586","error_587","error_588","error_589","error_590","error_591","error_592","error_593","error_594","error_595","error_596","error_597","error_598","error_599","error_600","error_601","error_602","error_603","error_604","error_605","error_606","error_607","error_608","error_609","error_610","error_611","error_612","error_613","error_614","error_615","error_616","error_617","error_618","error_619","error_620","error_621","error_622","error_623","error_624","error_625","error_626","error_627","error_628","error_629","error_630","error_631","error_632","error_633","error_634","error_635","error_636","error_637","error_638","error_639","error_640","error_641","error_642","error_643","error_644","error_645","error_646","error_647","error_648","error_649","error_650","error_651","error_652","error_653","error_654","error_655","error_656","error_657","error_658","error_659","error_660","error_661","error_662","error_663","error_664","error_665","error_666","error_667","error_668","error_669","error_670","error_671","error_672","error_673","error_674","error_675","error_676","error_677","error_678","error_679","error_680","error_681","error_682","error_683","error_684","error_685","error_686","error_687","error_688","error_689","error_690","error_691","error_692","error_693","error_694","error_695","error_696","error_697","error_698","error_699","error_700","error_701","error_702","error_703","error_704","error_705","error_706","error_707","error_708","error_709","error_710","error_711","error_712","error_713","error_714","error_715","error_716","error_717","error_718","error_719","error_720","error_721","error_722","error_723","error_724","error_725","error_726","error_727","error_728","error_729","error_730","error_731","error_732","error_733","error_734","error_735","error_736","error_737","error_738","error_739","error_740","error_741","error_742","error_743","error_744","error_745","error_746","error_747","error_748","error_749","error_750","error_751","error_752","error_753","error_754","error_755","error_756","error_757","error_758","error_759","error_760","error_761","error_762","error_763","error_764","error_765","error_766","error_767","error_768","error_769","error_770","error_771","error_772","error_773","error_774","error_775","error_776","error_777","error_778","error_779","error_780","error_781","error_782","error_783","error_784","error_785","error_786","error_787","error_788","error_789","error_790","error_791","error_792","error_793","error_794","error_795","error_796","error_797","error_798","error_799","error_800","error_801","error_802","error_803","error_804","error_805","error_806","error_807","error_808","error_809","error_810","error_811","error_812","error_813","error_814","error_815","error_816","error_817","error_818","error_819","error_820","error_821","error_822","error_823","error_824","error_825","error_826","error_827","error_828","error_829","error_830","error_831","error_832","error_833","error_834","error_835","error_836","error_837","error_838","error_839","error_840","error_841","error_842","error_843","error_844","error_845","error_846","error_847","error_848","error_849","error_850","error_851","error_852","error_853","error_854","error_855","error_856","error_857","error_858","error_859","error_860","error_861","error_862","error_863","error_864","error_865","error_866","error_867","error_868","error_869","error_870","error_871","error_872","error_873","error_874","error_875","error_876","error_877","error_878","error_879","error_880","error_881","error_882","error_883","error_884","error_885","error_886","error_887","error_888","error_889","error_890","error_891","error_892","error_893","error_894","error_895","error_896","error_897","error_898","error_899","error_900","error_901","error_902","error_903","error_904","error_905","error_906","error_907","error_908","error_909","error_910","error_911","error_912","error_913","error_914","error_915","error_916","error_917","error_918","error_919","error_920","error_921","error_922","error_923","error_924","error_925","error_926","error_927","error_928","error_929","error_930","error_931","error_932","error_933","error_934","error_935","error_936","error_937","error_938","error_939","error_940","error_941","error_942","error_943","error_944","error_945","error_946","error_947","error_948","error_949","error_950","error_951","error_952","error_953","error_954","error_955","error_956","error_957","error_958","error_959","error_960","error_961","error_962","error_963","error_964","error_965","error_966","error_967","error_968","error_969","error_970","error_971","error_972","error_973","error_974","error_975","error_976","error_977","error_978","error_979","error_980","error_981","error_982","error_983","error_984","error_985","error_986","error_987","error_988","error_989","error_990","error_991","error_992","error_993","error_994","error_995","error_996","error_997","error_998","error_999","error_1000","error_1001","error_1002","error_1003","error_1004","error_1005","error_1006","error_1007","error_1008","error_1009","error_1010","error_1011","error_1012","error_1013","error_1014","error_1015","error_1016","error_1017","error_1018","error_1019","error_1020","error_1021","error_1022","error_1023","error_1024","error_1025","error_1026","error_1027","error_1028","error_1029","error_1030","error_1031","error_1032","error_1033","error_1034","error_1035","error_1036","error_1037","error_1038","error_1039","error_1040","error_1041","error_1042","error_1043","error_1044","error_1045","error_1046","error_1047","error_1048","error_1049","error_1050","error_1051","error_1052","error_1053","error_1054","error_1055","error_1056","error_1057","error_1058","error_1059","error_1060","error_1061","error_1062","error_1063","error_1064","error_1065","error_1066","error_1067","error_1068","error_1069","error_1070","error_1071","error_1072","error_1073","error_1074","error_1075","error_1076","error_1077","error_1078","error_1079","error_1080","error_1081","error_1082","error_1083","error_1084","error_1085","error_1086","error_1087","error_1088","error_1089","error_1090","error_1091","error_1092","error_1093","error_1094","error_1095","error_1096","error_1097","error_1098","error_1099","error_1100","error_1101","error_1102","error_1103","error_1104","error_1105","error_1106","error_1107","error_1108","error_1109","error_1110","error_1111","error_1112","error_1113","error_1114","error_1115","error_1116","error_1117","error_1118","error_1119","error_1120","error_1121","error_1122","error_1123","error_1124","error_1125","error_1126","error_1127","error_1128","error_1129","error_1130","error_1131","error_1132","error_1133","error_1134","error_1135","error_1136","error_1137","error_1138","error_1139","error_1140","error_1141","error_1142","error_1143","error_1144","error_1145","error_1146","error_1147","error_1148","error_1149","error_1150","error_1151","error_1152","error_1153","error_1154","error_1155","error_1156","error_1157","error_1158","error_1159","error_1160","error_1161","error_1162","error_1163","error_1164","error_1165","error_1166","error_1167","error_1168","error_1169","error_1170","error_1171","error_1172","error_1173","error_1174","error_1175","error_1176","error_1177","error_1178","error_1179","error_1180","error_1181","error_1182","error_1183","error_1184","error_1185","error_1186","error_1187","error_1188","error_1189","error_1190","error_1191","error_1192","error_1193","error_1194","error_1195","error_1196","error_1197","error_1198","error_1199","error_1200","error_1201","error_1202","error_1203","error_1204","error_1205","error_1206","error_1207","error_1208","error_1209","error_1210","error_1211","error_1212","error_1213","error_1214","error_1215","error_1216","error_1217","error_1218","error_1219","error_1220","error_1221","error_1222","error_1223","error_1224","error_1225","error_1226","error_1227","error_1228","error_1229","error_1230","error_1231","error_1232","error_1233","error_1234","error_1235","error_1236","error_1237","error_1238","error_1239","error_1240","error_1241","error_1242","error_1243","error_1244","error_1245","error_1246","error_1247","error_1248","error_1249","error_1250","error_1251","error_1252","error_1253","error_1254","error_1255","error_1256","error_1257","error_1258","error_1259","error_1260","error_1261","error_1262","error_1263","error_1264","error_1265","error_1266","error_1267","error_1268","error_1269","error_1270","error_1271","error_1272","error_1273","error_1274","error_1275","error_1276","error_1277","error_1278","error_1279","error_1280","error_1281","error_1282","error_1283","error_1284","error_1285","error_1286","error_1287","error_1288","error_1289","error_1290","error_1291","error_1292","error_1293","error_1294","error_1295","error_1296","error_1297","error_1298","error_1299","error_1300","error_1301","error_1302","error_1303","error_1304","error_1305","error_1306","error_1307","error_1308","error_1309","error_1310","error_1311","error_1312","error_1313","error_1314","error_1315","error_1316","error_1317","error_1318","error_1319","error_1320","error_1321","error_1322","error_1323","error_1324","error_1325","error_1326","error_1327","error_1328","error_1329","error_1330","error_1331","error_1332","error_1333","error_1334","error_1335","error_1336","error_1337","error_1338","error_1339","error_1340","error_1341","error_1342","error_1343","error_1344","error_1345","error_1346","error_1347","error_1348","error_1349","error_1350","error_1351","error_1352","error_1353","error_1354","error_1355","error_1356","error_1357","error_1358","error_1359","error_1360","error_1361","error_1362","error_1363","error_1364","error_1365","error_1366","error_1367","error_1368","error_1369","error_1370","error_1371","error_1372","error_1373","error_1374","error_1375","error_1376","error_1377","error_1378","error_1379","error_1380","error_1381","error_1382","error_1383","error_1384","error_1385","error_1386","error_1387","error_1388","error_1389","error_1390","error_1391","error_1392","error_1393","error_1394","error_1395","error_1396","error_1397","error_1398","error_1399","error_1400","error_1401","error_1402","error_1403","error_1404","error_1405","error_1406","error_1407","error_1408","error_1409","error_1410","error_1411","error_1412","error_1413","error_1414","error_1415","error_1416","error_1417","error_1418","error_1419","error_1420","error_1421","error_1422","error_1423","error_1424","error_1425","error_1426","error_1427","error_1428","error_1429","error_1430","error_1431","error_1432","error_1433","error_1434","error_1435","error_1436","error_1437","error_1438","error_1439","error_1440","error_1441","error_1442","error_1443","error_1444","error_1445","error_1446","error_1447","error_1448","error_1449","error_1450","error_1451","error_1452","error_1453","error_1454","error_1455","error_1456","error_1457","error_1458","error_1459","error_1460","error_1461","error_1462","error_1463","error_1464","error_1465","error_1466","error_1467","error_1468","error_1469","error_1470","error_1471","error_1472","error_1473","error_1474","error_1475","error_1476","error_1477","error_1478","error_1479","error_1480","error_1481","error_1482","error_1483","error_1484","error_1485","error_1486","error_1487","error_1488","error_1489","error_1490","error_1491","error_1492","error_1493","error_1494","error_1495","error_1496","error_1497","error_1498","error_1499","error_1500","error_1501","error_1502","error_1503","error_1504","error_1505","error_1506","error_1507","error_1508","error_1509","error_1510","error_1511","error_1512","error_1513","error_1514","error_1515","error_1516","error_1517","error_1518","error_1519","error_1520","error_1521","error_1522","error_1523","error_1524","error_1525","error_1526","error_1527","error_1528","error_1529","error_1530","error_1531","error_1532","error_1533","error_1534","error_1535","error_1536","error_1537","error_1538","error_1539","error_1540","error_1541","error_1542","error_1543","error_1544","error_1545","error_1546","error_1547","error_1548","error_1549","error_1550","error_1551","error_1552","error_1553","error_1554","error_1555","error_1556","error_1557","error_1558","error_1559","error_1560","error_1561","error_1562","error_1563","error_1564","error_1565","error_1566","error_1567","error_1568","error_1569","error_1570","error_1571","error_1572","error_1573","error_1574","error_1575","error_1576","error_1577","error_1578","error_1579","error_1580","error_1581","error_1582","error_1583","error_1584","error_1585","error_1586","error_1587","error_1588","error_1589","error_1590","error_1591","error_1592","error_1593","error_1594","error_1595","error_1596","error_1597","error_1598","error_1599","error_1600","error_1601","error_1602","error_1603","error_1604","error_1605","error_1606","error_1607","error_1608","error_1609","error_1610","error_1611","error_1612","error_1613","error_1614","error_1615","error_1616","error_1617","error_1618","error_1619","error_1620","error_1621","error_1622","error_1623","error_1624","error_1625","error_1626","error_1627","error_1628","error_1629","error_1630","error_1631","error_1632","error_1633","error_1634","error_1635","error_1636","error_1637","error_1638","error_1639","error_1640","error_1641","error_1642","error_1643","error_1644","error_1645","error_1646","error_1647","error_1648","error_1649","error_1650","error_1651","error_1652","error_1653","error_1654","error_1655","error_1656","error_1657","error_1658","error_1659","error_1660","error_1661","error_1662","error_1663","error_1664","error_1665","error_1666","error_1667","error_1668","error_1669","error_1670","error_1671","error_1672","error_1673","error_1674","error_1675","error_1676","error_1677","error_1678","error_1679","error_1680","error_1681","error_1682","error_1683","error_1684","error_1685","error_1686","error_1687","error_1688","error_1689","error_1690","error_1691","error_1692","error_1693","error_1694","error_1695","error_1696","error_1697","error_1698","error_1699","error_1700","error_1701","error_1702","error_1703","error_1704","error_1705","error_1706","error_1707","error_1708","error_1709","error_1710","error_1711","error_1712","error_1713","error_1714","error_1715","error_1716","error_1717","error_1718","error_1719","error_1720","error_1721","error_1722","error_1723","error_1724","error_1725","error_1726","error_1727","error_1728","error_1729","error_1730","error_1731","error_1732","error_1733","error_1734","error_1735","error_1736","error_1737","error_1738","error_1739","error_1740","error_1741","error_1742","error_1743","error_1744","error_1745","error_1746","error_1747","error_1748","error_1749","error_1750","error_1751","error_1752","error_1753","error_1754","error_1755","error_1756","error_1757","error_1758","error_1759","error_1760","error_1761","error_1762","error_1763","error_1764","error_1765","error_1766","error_1767","error_1768","error_1769","error_1770","error_1771","error_1772","error_1773","error_1774","error_1775","error_1776","error_1777","error_1778","error_1779","error_1780","error_1781","error_1782","error_1783","error_1784","error_1785","error_1786","error_1787","error_1788","error_1789","error_1790","error_1791","error_1792","error_1793","error_1794","error_1795","error_1796","error_1797","error_1798","error_1799","error_1800","error_1801","error_1802","error_1803","error_1804","error_1805","error_1806","error_1807","error_1808","error_1809","error_1810","error_1811","error_1812","error_1813","error_1814","error_1815","error_1816","error_1817","error_1818","error_1819","error_1820","error_1821","error_1822","error_1823","error_1824","error_1825","error_1826","error_1827","error_1828","error_1829","error_1830","error_1831","error_1832","error_1833","error_1834","error_1835","error_1836","error_1837","error_1838","error_1839","error_1840","error_1841","error_1842","error_1843","error_1844","error_1845","error_1846","error_1847","error_1848","error_1849","error_1850","error_1851","error_1852","error_1853","error_1854","error_1855","error_1856","error_1857","error_1858","error_1859","error_1860","error_1861","error_1862","error_1863","error_1864","error_1865","error_1866","error_1867","error_1868","error_1869","error_1870","error_1871","error_1872","error_1873","error_1874","error_1875","error_1876","error_1877","error_1878","error_1879","error_1880","error_1881","error_1882","error_1883","error_1884","error_1885","error_1886","error_1887","error_1888","error_1889","error_1890","error_1891","error_1892","error_1893","error_1894","error_1895","error_1896","error_1897","error_1898","error_1899","error_1900","error_1901","error_1902","error_1903","error_1904","error_1905","error_1906","error_1907","error_1908","error_1909","error_1910","error_1911","error_1912","error_1913","error_1914","error_1915","error_1916","error_1917","error_1918","error_1919","error_1920","error_1921","error_1922","error_1923","error_1924","error_1925","error_1926","error_1927","error_1928","error_1929","error_1930","error_1931","error_1932","error_1933","error_1934","error_1935","error_1936","error_1937","error_1938","error_1939","error_1940","error_1941","error_1942","error_1943","error_1944","error_1945","error_1946","error_1947","error_1948","error_1949","error_1950","error_1951","error_1952","error_1953","error_1954","error_1955","error_1956","error_1957","error_1958","error_1959","error_1960","error_1961","error_1962","error_1963","error_1964","error_1965","error_1966","error_1967","error_1968","error_1969","error_1970","error_1971","error_1972","error_1973","error_1974","error_1975","error_1976","error_1977","error_1978","error_1979","error_1980","error_1981","error_1982","error_1983","error_1984","error_1985","error_1986","error_1987","error_1988","error_1989","error_1990","error_1991","error_1992","error_1993","error_1994","error_1995","error_1996","error_1997","error_1998","error_1999","error_2000","error_2001","error_2002","error_2003","error_2004","error_2005","error_2006","error_2007","error_2008","error_2009","error_2010","error_2011","error_2012","error_2013","error_2014","error_2015","error_2016","error_2017","error_2018","error_2019","error_2020","error_2021","error_2022","error_2023","error_2024","error_2025","error_2026","error_2027","error_2028","error_2029","error_2030","error_2031","error_2032","error_2033","error_2034","error_2035","error_2036","error_2037","error_2038","error_2039","error_2040","error_2041","error_2042","error_2043","error_2044","error_2045","error_2046","error_2047","error_2048","error_2049","error_2050","error_2051","error_2052","error_2053","error_2054","error_2055","error_2056","error_2057","error_2058","error_2059","error_2060","error_2061","error_2062","error_2063","error_2064","error_2065","error_2066","error_2067","error_2068","error_2069","error_2070","error_2071","error_2072","error_2073","error_2074","error_2075","error_2076","error_2077","error_2078","error_2079","error_2080","error_2081","error_2082","error_2083","error_2084","error_2085","error_2086","error_2087","error_2088","error_2089","error_2090","error_2091","error_2092","error_2093","error_2094","error_2095","error_2096","error_2097","error_2098","error_2099","error_2100","error_2101","error_2102","error_2103","error_2104","error_2105","error_2106","error_2107","error_2108","error_2109","error_2110","error_2111","error_2112","error_2113","error_2114","error_2115","error_2116","error_2117","error_2118","error_2119","error_2120","error_2121","error_2122","error_2123","error_2124","error_2125","error_2126","error_2127","error_2128","error_2129","error_2130","error_2131","error_2132","error_2133","error_2134","error_2135","error_2136","error_2137","error_2138","error_2139","error_2140","error_2141","error_2142","error_2143","error_2144","error_2145","error_2146","error_2147","error_2148","error_2149","error_2150","error_2151","error_2152","error_2153","error_2154","error_2155","error_2156","error_2157","error_2158","error_2159","error_2160","error_2161","error_2162","error_2163","error_2164","error_2165","error_2166","error_2167","error_2168","error_2169","error_2170","error_2171","error_2172","error_2173","error_2174","error_2175","error_2176","error_2177","error_2178","error_2179","error_2180","error_2181","error_2182","error_2183","error_2184","error_2185","error_2186","error_2187","error_2188","error_2189","error_2190","error_2191","error_2192","error_2193","error_2194","error_2195","error_2196","error_2197","error_2198","error_2199","error_2200","error_2201","error_2202","error_2203","error_2204","error_2205","error_2206","error_2207","error_2208","error_2209","error_2210","error_2211","error_2212","error_2213","error_2214","error_2215","error_2216","error_2217","error_2218","error_2219","error_2220","error_2221","error_2222","error_2223","error_2224","error_2225","error_2226","error_2227","error_2228","error_2229","error_2230","error_2231","error_2232","error_2233","error_2234","error_2235","error_2236","error_2237","error_2238","error_2239","error_2240","error_2241","error_2242","error_2243","error_2244","error_2245","error_2246","error_2247","error_2248","error_2249","error_2250","error_2251","error_2252","error_2253","error_2254","error_2255","error_2256","error_2257","error_2258","error_2259","error_2260","error_2261","error_2262","error_2263","error_2264","error_2265","error_2266","error_2267","error_2268","error_2269","error_2270","error_2271","error_2272","error_2273","error_2274","error_2275","error_2276","error_2277","error_2278","error_2279","error_2280","error_2281","error_2282","error_2283","error_2284","error_2285","error_2286","error_2287","error_2288","error_2289","error_2290","error_2291","error_2292","error_2293","error_2294","error_2295","error_2296","error_2297","error_2298","error_2299","error_2300","error_2301","error_2302","error_2303","error_2304","error_2305","error_2306","error_2307","error_2308","error_2309","error_2310","error_2311","error_2312","error_2313","error_2314","error_2315","error_2316","error_2317","error_2318","error_2319","error_2320","error_2321","error_2322","error_2323","error_2324","error_2325","error_2326","error_2327","error_2328","error_2329","error_2330","error_2331","error_2332","error_2333","error_2334","error_2335","error_2336","error_2337","error_2338","error_2339","error_2340","error_2341","error_2342","error_2343","error_2344","error_2345","error_2346","error_2347","error_2348","error_2349","error_2350","error_2351","error_2352","error_2353","error_2354","error_2355","error_2356","error_2357","error_2358","error_2359","error_2360","error_2361","error_2362","error_2363","error_2364","error_2365","error_2366","error_2367","error_2368","error_2369","error_2370","error_2371","error_2372","error_2373","error_2374","error_2375","error_2376","error_2377","error_2378","error_2379","error_2380","error_2381","error_2382","error_2383","error_2384","error_2385","error_2386","error_2387","error_2388","error_2389","error_2390","error_2391","error_2392","error_2393","error_2394","error_2395","error_2396","error_2397","error_2398","error_2399","error_2400","error_2401","error_2402","error_2403","error_2404","error_2405","error_2406","error_2407","error_2408","error_2409","error_2410","error_2411","error_2412","error_2413","error_2414","error_2415","error_2416","error_2417","error_2418","error_2419","error_2420","error_2421","error_2422","error_2423","error_2424","error_2425","error_2426","error_2427","error_2428","error_2429","error_2430","error_2431","error_2432","error_2433","error_2434","error_2435","error_2436","error_2437","error_2438","error_2439","error_2440","error_2441","error_2442","error_2443","error_2444","error_2445","error_2446","error_2447","error_2448","error_2449","error_2450","error_2451","error_2452","error_2453","error_2454","error_2455","error_2456","error_2457","error_2458","error_2459","error_2460","error_2461","error_2462","error_2463","error_2464","error_2465","error_2466","error_2467","error_2468","error_2469","error_2470","error_2471","error_2472","error_2473","error_2474","error_2475","error_2476","error_2477","error_2478","error_2479","error_2480","error_2481","error_2482","error_2483","error_2484","error_2485","error_2486","error_2487","error_2488","error_2489","error_2490","error_2491","error_2492","error_2493","error_2494","error_2495","error_2496","error_2497","error_2498","error_2499","error_2500","error_2501","error_2502","error_2503","error_2504","error_2505","error_2506","error_2507","error_2508","error_2509","error_2510","error_2511","error_2512","error_2513","error_2514","error_2515","error_2516","error_2517","error_2518","error_2519","error_2520","error_2521","error_2522","error_2523","error_2524","error_2525","error_2526","error_2527","error_2528","error_2529","error_2530","error_2531","error_2532","error_2533","error_2534","error_2535","error_2536","error_2537","error_2538","error_2539","error_2540","error_2541","error_2542","error_2543","error_2544","error_2545","error_2546","error_2547","error_2548","error_2549","error_2550","error_2551","error_2552","error_2553","error_2554","error_2555","error_2556","error_2557","error_2558","error_2559","error_2560","error_2561","error_2562","error_2563","error_2564","error_2565","error_2566","error_2567","error_2568","error_2569","error_2570","error_2571","error_2572","error_2573","error_2574","error_2575","error_2576","error_2577","error_2578","error_2579","error_2580","error_2581","error_2582","error_2583","error_2584","error_2585","error_2586","error_2587","error_2588","error_2589","error_2590","error_2591","error_2592","error_2593","error_2594","error_2595","error_2596","error_2597","error_2598","error_2599","error_2600","error_2601","error_2602","error_2603","error_2604","error_2605","error_2606","error_2607","error_2608","error_2609","error_2610","error_2611","error_2612","error_2613","error_2614","error_2615","error_2616","error_2617","error_2618","error_2619","error_2620","error_2621","error_2622","error_2623","error_2624","error_2625","error_2626","error_2627","error_2628","error_2629","error_2630","error_2631","error_2632","error_2633","error_2634","error_2635","error_2636","error_2637","error_2638","error_2639","error_2640","error_2641","error_2642","error_2643","error_2644","error_2645","error_2646","error_2647","error_2648","error_2649","error_2650","error_2651","error_2652","error_2653","error_2654","error_2655","error_2656","error_2657","error_2658","error_2659","error_2660","error_2661","error_2662","error_2663","error_2664","error_2665","error_2666","error_2667","error_2668","error_2669","error_2670","error_2671","error_2672","error_2673","error_2674","error_2675","error_2676","error_2677","error_2678","error_2679","error_2680","error_2681","error_2682","error_2683","error_2684","error_2685","error_2686","error_2687","error_2688","error_2689","error_2690","error_2691","error_2692","error_2693","error_2694","error_2695","error_2696","error_2697","error_2698","error_2699","error_2700","error_2701","error_2702","error_2703","error_2704","error_2705","error_2706","error_2707","error_2708","error_2709","error_2710","error_2711","error_2712","error_2713","error_2714","error_2715","error_2716","error_2717","error_2718","error_2719","error_2720","error_2721","error_2722","error_2723","error_2724","error_2725","error_2726","error_2727","error_2728","error_2729","error_2730","error_2731","error_2732","error_2733","error_2734","error_2735","error_2736","error_2737","error_2738","error_2739","error_2740","error_2741","error_2742","error_2743","error_2744","error_2745","error_2746","error_2747","error_2748","error_2749","error_2750","error_2751","error_2752","error_2753","error_2754","error_2755","error_2756","error_2757","error_2758","error_2759","error_2760","error_2761","error_2762","error_2763","error_2764","error_2765","error_2766","error_2767","error_2768","error_2769","error_2770","error_2771","error_2772","error_2773","error_2774","error_2775","error_2776","error_2777","error_2778","error_2779","error_2780","error_2781","error_2782","error_2783","error_2784","error_2785","error_2786","error_2787","error_2788","error_2789","error_2790","error_2791","error_2792","error_2793","error_2794","error_2795","error_2796","error_2797","error_2798","error_2799","error_2800","error_2801","error_2802","error_2803","error_2804","error_2805","error_2806","error_2807","error_2808","error_2809","error_2810","error_2811","error_2812","error_2813","error_2814","error_2815","error_2816","error_2817","error_2818","error_2819","error_2820","error_2821","error_2822","error_2823","error_2824","error_2825","error_2826","error_2827","error_2828","error_2829","error_2830","error_2831","error_2832","error_2833","error_2834","error_2835","error_2836","error_2837","error_2838","error_2839","error_2840","error_2841","error_2842","error_2843","error_2844","error_2845","error_2846","error_2847","error_2848","error_2849","error_2850","error_2851","error_2852","error_2853","error_2854","error_2855","error_2856","error_2857","error_2858","error_2859","error_2860","error_2861","error_2862","error_2863","error_2864","error_2865","error_2866","error_2867","error_2868","error_2869","error_2870","error_2871","error_2872","error_2873","error_2874","error_2875","error_2876","error_2877","error_2878","error_2879","error_2880","error_2881","error_2882","error_2883","error_2884","error_2885","error_2886","error_2887","error_2888","error_2889","error_2890","error_2891","error_2892","error_2893","error_2894","error_2895","error_2896","error_2897","error_2898","error_2899","error_2900","error_2901","error_2902","error_2903","error_2904","error_2905","error_2906","error_2907","error_2908","error_2909","error_2910","error_2911","error_2912","error_2913","error_2914","error_2915","error_2916","error_2917","error_2918","error_2919","error_2920","error_2921","error_2922","error_2923","error_2924","error_2925","error_2926","error_2927","error_2928","error_2929","error_2930","error_2931","error_2932","error_2933","error_2934","error_2935","error_2936","error_2937","error_2938","error_2939","error_2940","error_2941","error_2942","error_2943","error_2944","error_2945","error_2946","error_2947","error_2948","error_2949","error_2950","error_2951","error_2952","error_2953","error_2954","error_2955","error_2956","error_2957","error_2958","error_2959","error_2960","error_2961","error_2962","error_2963","error_2964","error_2965","error_2966","error_2967","error_2968","error_2969","error_2970","error_2971","error_2972","error_2973","error_2974","error_2975","error_2976","error_2977","error_2978","error_2979","error_2980","error_2981","error_2982","error_2983","error_2984","error_2985","error_2986","error_2987","error_2988","error_2989","error_2990","error_2991","error_2992","error_2993","error_2994","error_2995","error_2996","error_2997","error_2998","error_2999","error_3000","error_3001","error_3002","error_3003","error_3004","error_3005","error_3006","error_3007","error_3008","error_3009","error_3010","error_3011","error_3012","error_3013","error_3014","error_3015","error_3016","error_3017","error_3018","error_3019","error_3020","error_3021","error_3022","error_3023","error_3024","error_3025","error_3026","error_3027","error_3028","error_3029","error_3030","error_3031","error_3032","error_3033","error_3034","error_3035","error_3036","error_3037","error_3038","error_3039","error_3040","error_3041","error_3042","error_3043","error_3044","error_3045","error_3046","error_3047","error_3048","error_3049","error_3050","error_3051","error_3052","error_3053","error_3054","error_3055","error_3056","error_3057","error_3058","error_3059","error_3060","error_3061","error_3062","error_3063","error_3064","error_3065","error_3066","error_3067","error_3068","error_3069","error_3070","error_3071","error_3072","error_3073","error_3074","error_3075","error_3076","error_3077","error_3078","error_3079","error_3080","error_3081","error_3082","error_3083","error_3084","error_3085","error_3086","error_3087","error_3088","error_3089","error_3090","error_3091","error_3092","error_3093","error_3094","error_3095","error_3096","error_3097","error_3098","error_3099","error_3100","error_3101","error_3102","error_3103","error_3104","error_3105","error_3106","error_3107","error_3108","error_3109","error_3110","error_3111","error_3112","error_3113","error_3114","error_3115","error_3116","error_3117","error_3118","error_3119","error_3120","error_3121","error_3122","error_3123","error_3124","error_3125","error_3126","error_3127","error_3128","error_3129","error_3130","error_3131","error_3132","error_3133","error_3134","error_3135","error_3136","error_3137","error_3138","error_3139","error_3140","error_3141","error_3142","error_3143","error_3144","error_3145","error_3146","error_3147","error_3148","error_3149","error_3150","error_3151","error_3152","error_3153","error_3154","error_3155","error_3156","error_3157","error_3158","error_3159","error_3160","error_3161","error_3162","error_3163","error_3164","error_3165","error_3166","error_3167","error_3168","error_3169","error_3170","error_3171","error_3172","error_3173","error_3174","error_3175","error_3176","error_3177","error_3178","error_3179","error_3180","error_3181","error_3182","error_3183","error_3184","error_3185","error_3186","error_3187","error_3188","error_3189","error_3190","error_3191","error_3192","error_3193","error_3194","error_3195","error_3196","error_3197","error_3198","error_3199","error_3200","error_3201","error_3202","error_3203","error_3204","error_3205","error_3206","error_3207","error_3208","error_3209","error_3210","error_3211","error_3212","error_3213","error_3214","error_3215","error_3216","error_3217","error_3218","error_3219","error_3220","error_3221","error_3222","error_3223","error_3224","error_3225","error_3226","error_3227","error_3228","error_3229","error_3230","error_3231","error_3232","error_3233","error_3234","error_3235","error_3236","error_3237","error_3238","error_3239","error_3240","error_3241","error_3242","error_3243","error_3244","error_3245","error_3246","error_3247","error_3248","error_3249","error_3250","error_3251","error_3252","error_3253","error_3254","error_3255","error_3256","error_3257","error_3258","error_3259","error_3260","error_3261","error_3262","error_3263","error_3264","error_3265","error_3266","error_3267","error_3268","error_3269","error_3270","error_3271","error_3272","error_3273","error_3274","error_3275","error_3276","error_3277","error_3278","error_3279","error_3280","error_3281","error_3282","error_3283","error_3284","error_3285","error_3286","error_3287","error_3288","error_3289","error_3290","error_3291","error_3292","error_3293","error_3294","error_3295","error_3296","error_3297","error_3298","error_3299","error_3300","error_3301","error_3302","error_3303","error_3304","error_3305","error_3306","error_3307","error_3308","error_3309","error_3310","error_3311","error_3312","error_3313","error_3314","error_3315","error_3316","error_3317","error_3318","error_3319","error_3320","error_3321","error_3322","error_3323","error_3324","error_3325","error_3326","error_3327","error_3328","error_3329","error_3330","error_3331","error_3332","error_3333","error_3334","error_3335","error_3336","error_3337","error_3338","error_3339","error_3340","error_3341","error_3342","error_3343","error_3344","error_3345","error_3346","error_3347","error_3348","error_3349","error_3350","error_3351","error_3352","error_3353","error_3354","error_3355","error_3356","error_3357","error_3358","error_3359","error_3360","error_3361","error_3362","error_3363","error_3364","error_3365","error_3366","error_3367","error_3368","error_3369","error_3370","error_3371","error_3372","error_3373","error_3374","error_3375","error_3376","error_3377","error_3378","error_3379","error_3380","error_3381","error_3382","error_3383","error_3384","error_3385","error_3386","error_3387","error_3388","error_3389","error_3390","error_3391","error_3392","error_3393","error_3394","error_3395","error_3396","error_3397","error_3398","error_3399","error_3400","error_3401","error_3402","error_3403","error_3404","error_3405","error_3406","error_3407","error_3408","error_3409","error_3410","error_3411","error_3412","error_3413","error_3414","error_3415","error_3416","error_3417","error_3418","error_3419","error_3420","error_3421","error_3422","error_3423","error_3424","error_3425","error_3426","error_3427","error_3428","error_3429","error_3430","error_3431","error_3432","error_3433","error_3434","error_3435","error_3436","error_3437","error_3438","error_3439","error_3440","error_3441","error_3442","error_3443","error_3444","error_3445","error_3446","error_3447","error_3448","error_3449","error_3450","error_3451","error_3452","error_3453","error_3454","error_3455","error_3456","error_3457","error_3458","error_3459","error_3460","error_3461","error_3462","error_3463","error_3464","error_3465","error_3466","error_3467","error_3468","error_3469","error_3470","error_3471","error_3472","error_3473","error_3474","error_3475","error_3476","error_3477","error_3478","error_3479","error_3480","error_3481","error_3482","error_3483","error_3484","error_3485","error_3486","error_3487","error_3488","error_3489","error_3490","error_3491","error_3492","error_3493","error_3494","error_3495","error_3496","error_3497","error_3498","error_3499","error_3500","error_3501","error_3502","error_3503","error_3504","error_3505","error_3506","error_3507","error_3508","error_3509","error_3510","error_3511","error_3512","error_3513","error_3514","error_3515","error_3516","error_3517","error_3518","error_3519","error_3520","error_3521","error_3522","error_3523","error_3524","error_3525","error_3526","error_3527","error_3528","error_3529","error_3530","error_3531","error_3532","error_3533","error_3534","error_3535","error_3536","error_3537","error_3538","error_3539","error_3540","error_3541","error_3542","error_3543","error_3544","error_3545","error_3546","error_3547","error_3548","error_3549","error_3550","error_3551","error_3552","error_3553","error_3554","error_3555","error_3556","error_3557","error_3558","error_3559","error_3560","error_3561","error_3562","error_3563","error_3564","error_3565","error_3566","error_3567","error_3568","error_3569","error_3570","error_3571","error_3572","error_3573","error_3574","error_3575","error_3576","error_3577","error_3578","error_3579","error_3580","error_3581","error_3582","error_3583","error_3584","error_3585","error_3586","error_3587","error_3588","error_3589","error_3590","error_3591","error_3592","error_3593","error_3594","error_3595","error_3596","error_3597","error_3598","error_3599","error_3600","error_3601","error_3602","error_3603","error_3604","error_3605","error_3606","error_3607","error_3608","error_3609","error_3610","error_3611","error_3612","error_3613","error_3614","error_3615","error_3616","error_3617","error_3618","error_3619","error_3620","error_3621","error_3622","error_3623","error_3624","error_3625","error_3626","error_3627","error_3628","error_3629","error_3630","error_3631","error_3632","error_3633","error_3634","error_3635","error_3636","error_3637","error_3638","error_3639","error_3640","error_3641","error_3642","error_3643","error_3644","error_3645","error_3646","error_3647","error_3648","error_3649","error_3650","error_3651","error_3652","error_3653","error_3654","error_3655","error_3656","error_3657","error_3658","error_3659","error_3660","error_3661","error_3662","error_3663","error_3664","error_3665","error_3666","error_3667","error_3668","error_3669","error_3670","error_3671","error_3672","error_3673","error_3674","error_3675","error_3676","error_3677","error_3678","error_3679","error_3680","error_3681","error_3682","error_3683","error_3684","error_3685","error_3686","error_3687","error_3688","error_3689","error_3690","error_3691","error_3692","error_3693","error_3694","error_3695","error_3696","error_3697","error_3698","error_3699","error_3700","error_3701","error_3702","error_3703","error_3704","error_3705","error_3706","error_3707","error_3708","error_3709","error_3710","error_3711","error_3712","error_3713","error_3714","error_3715","error_3716","error_3717","error_3718","error_3719","error_3720","error_3721","error_3722","error_3723","error_3724","error_3725","error_3726","error_3727","error_3728","error_3729","error_3730","error_3731","error_3732","error_3733","error_3734","error_3735","error_3736","error_3737","error_3738","error_3739","error_3740","error_3741","error_3742","error_3743","error_3744","error_3745","error_3746","error_3747","error_3748","error_3749","error_3750","error_3751","error_3752","error_3753","error_3754","error_3755","error_3756","error_3757","error_3758","error_3759","error_3760","error_3761","error_3762","error_3763","error_3764","error_3765","error_3766","error_3767","error_3768","error_3769","error_3770","error_3771","error_3772","error_3773","error_3774","error_3775","error_3776","error_3777","error_3778","error_3779","error_3780","error_3781","error_3782","error_3783","error_3784","error_3785","error_3786","error_3787","error_3788","error_3789","error_3790","error_3791","error_3792","error_3793","error_3794","error_3795","error_3796","error_3797","error_3798","error_3799","error_3800","error_3801","error_3802","error_3803","error_3804","error_3805","error_3806","error_3807","error_3808","error_3809","error_3810","error_3811","error_3812","error_3813","error_3814","error_3815","error_3816","error_3817","error_3818","error_3819","error_3820","error_3821","error_3822","error_3823","error_3824","error_3825","error_3826","error_3827","error_3828","error_3829","error_3830","error_3831","error_3832","error_3833","error_3834","error_3835","error_3836","error_3837","error_3838","error_3839","error_3840","error_3841","error_3842","error_3843","error_3844","error_3845","error_3846","error_3847","error_3848","error_3849","error_3850","error_3851","error_3852","error_3853","error_3854","error_3855","error_3856","error_3857","error_3858","error_3859","error_3860","error_3861","error_3862","error_3863","error_3864","error_3865","error_3866","error_3867","error_3868","error_3869","error_3870","error_3871","error_3872","error_3873","error_3874","error_3875","error_3876","error_3877","error_3878","error_3879","error_3880","error_3881","error_3882","error_3883","error_3884","error_3885","error_3886","error_3887","error_3888","error_3889","error_3890","error_3891","error_3892","error_3893","error_3894","error_3895","error_3896","error_3897","error_3898","error_3899","error_3900","error_3901","error_3902","error_3903","error_3904","error_3905","error_3906","error_3907","error_3908","error_3909","error_3910","error_3911","error_3912","error_3913","error_3914","error_3915","error_3916","error_3917","error_3918","error_3919","error_3920","error_3921","error_3922","error_3923","error_3924","error_3925","error_3926","error_3927","error_3928","error_3929","error_3930","error_3931","error_3932","error_3933","error_3934","error_3935","error_3936","error_3937","error_3938","error_3939","error_3940","error_3941","error_3942","error_3943","error_3944","error_3945","error_3946","error_3947","error_3948","error_3949","error_3950","error_3951","error_3952","error_3953","error_3954","error_3955","error_3956","error_3957","error_3958","error_3959","error_3960","error_3961","error_3962","error_3963","error_3964","error_3965","error_3966","error_3967","error_3968","error_3969","error_3970","error_3971","error_3972","error_3973","error_3974","error_3975","error_3976","error_3977","error_3978","error_3979","error_3980","error_3981","error_3982","error_3983","error_3984","error_3985","error_3986","error_3987","error_3988","error_3989","error_3990","error_3991","error_3992","error_3993","error_3994","error_3995","error_3996","error_3997","error_3998","error_3999","error_4000","error_4001","error_4002","error_4003","error_4004","error_4005","error_4006","error_4007","error_4008","error_4009","error_4010","error_4011","error_4012","error_4013","error_4014","error_4015","error_4016","error_4017","error_4018","error_4019","error_4020","error_4021","error_4022","error_4023","error_4024","error_4025","error_4026","error_4027","error_4028","error_4029","error_4030","error_4031","error_4032","error_4033","error_4034","error_4035","error_4036","error_4037","error_4038","error_4039","error_4040","error_4041","error_4042","error_4043","error_4044","error_4045","error_4046","error_4047","error_4048","error_4049","error_4050","error_4051","error_4052","error_4053","error_4054","error_4055","error_4056","error_4057","error_4058","error_4059","error_4060","error_4061","error_4062","error_4063","error_4064","error_4065","error_4066","error_4067","error_4068","error_4069","error_4070","error_4071","error_4072","error_4073","error_4074","error_4075","error_4076","error_4077","error_4078","error_4079","error_4080","error_4081","error_4082","error_4083","error_4084","error_4085","error_4086","error_4087","error_4088","error_4089","error_4090","error_4091","error_4092","error_4093","error_4094","error_4095","error_4096","error_4097","error_4098","error_4099","error_4100","error_4101","error_4102","error_4103","error_4104","error_4105","error_4106","error_4107","error_4108","error_4109","error_4110","error_4111","error_4112","error_4113","error_4114","error_4115","error_4116","error_4117","error_4118","error_4119","error_4120","error_4121","error_4122","error_4123","error_4124","error_4125","error_4126","error_4127","error_4128","error_4129","error_4130","error_4131","error_4132","error_4133","error_4134","error_4135","error_4136","error_4137","error_4138","error_4139","error_4140","error_4141","error_4142","error_4143","error_4144","error_4145","error_4146","error_4147","error_4148","error_4149","error_4150","error_4151","error_4152","error_4153","error_4154","error_4155","error_4156","error_4157","error_4158","error_4159","error_4160","error_4161","error_4162","error_4163","error_4164","error_4165","error_4166","error_4167","error_4168","error_4169","error_4170","error_4171","error_4172","error_4173","error_4174","error_4175","error_4176","error_4177","error_4178","error_4179","error_4180","error_4181","error_4182","error_4183","error_4184","error_4185","error_4186","error_4187","error_4188","error_4189","error_4190","error_4191","error_4192","error_4193","error_4194","error_4195","error_4196","error_4197","error_4198","error_4199","error_4200","error_4201","error_4202","error_4203","error_4204","error_4205","error_4206","error_4207","error_4208","error_4209","error_4210","error_4211","error_4212","error_4213","error_4214","error_4215","error_4216","error_4217","error_4218","error_4219","error_4220","error_4221","error_4222","error_4223","error_4224","error_4225","error_4226","error_4227","error_4228","error_4229","error_4230","error_4231","error_4232","error_4233","error_4234","error_4235","error_4236","error_4237","error_4238","error_4239","error_4240","error_4241","error_4242","error_4243","error_4244","error_4245","error_4246","error_4247","error_4248","error_4249","error_4250","error_4251","error_4252","error_4253","error_4254","error_4255","error_4256","error_4257","error_4258","error_4259","error_4260","error_4261","error_4262","error_4263","error_4264","error_4265","error_4266","error_4267","error_4268","error_4269","error_4270","error_4271","error_4272","error_4273","error_4274","error_4275","error_4276","error_4277","error_4278","error_4279","error_4280","error_4281","error_4282","error_4283","error_4284","error_4285","error_4286","error_4287","error_4288","error_4289","error_4290","error_4291","error_4292","error_4293","error_4294","error_4295","error_4296","error_4297","error_4298","error_4299","error_4300","error_4301","error_4302","error_4303","error_4304","error_4305","error_4306","error_4307","error_4308","error_4309","error_4310","error_4311","error_4312","error_4313","error_4314","error_4315","error_4316","error_4317","error_4318","error_4319","error_4320","error_4321","error_4322","error_4323","error_4324","error_4325","error_4326","error_4327","error_4328","error_4329","error_4330","error_4331","error_4332","error_4333","error_4334","error_4335","error_4336","error_4337","error_4338","error_4339","error_4340","error_4341","error_4342","error_4343","error_4344","error_4345","error_4346","error_4347","error_4348","error_4349","error_4350","error_4351","error_4352","error_4353","error_4354","error_4355","error_4356","error_4357","error_4358","error_4359","error_4360","error_4361","error_4362","error_4363","error_4364","error_4365","error_4366","error_4367","error_4368","error_4369","error_4370","error_4371","error_4372","error_4373","error_4374","error_4375","error_4376","error_4377","error_4378","error_4379","error_4380","error_4381","error_4382","error_4383","error_4384","error_4385","error_4386","error_4387","error_4388","error_4389","error_4390","error_4391","error_4392","error_4393","error_4394","error_4395","error_4396","error_4397","error_4398","error_4399","error_4400","error_4401","error_4402","error_4403","error_4404","error_4405","error_4406","error_4407","error_4408","error_4409","error_4410","error_4411","error_4412","error_4413","error_4414","error_4415","error_4416","error_4417","error_4418","error_4419","error_4420","error_4421","error_4422","error_4423","error_4424","error_4425","error_4426","error_4427","error_4428","error_4429","error_4430","error_4431","error_4432","error_4433","error_4434","error_4435","error_4436","error_4437","error_4438","error_4439","error_4440","error_4441","error_4442","error_4443","error_4444","error_4445","error_4446","error_4447","error_4448","error_4449","error_4450","error_4451","error_4452","error_4453","error_4454","error_4455","error_4456","error_4457","error_4458","error_4459","error_4460","error_4461","error_4462","error_4463","error_4464","error_4465","error_4466","error_4467","error_4468","error_4469","error_4470","error_4471","error_4472","error_4473","error_4474","error_4475","error_4476","error_4477","error_4478","error_4479","error_4480","error_4481","error_4482","error_4483","error_4484","error_4485","error_4486","error_4487","error_4488","error_4489","error_4490","error_4491","error_4492","error_4493","error_4494","error_4495","error_4496","error_4497","error_4498","error_4499","error_4500","error_4501","error_4502","error_4503","error_4504","error_4505","error_4506","error_4507","error_4508","error_4509","error_4510","error_4511","error_4512","error_4513","error_4514","error_4515","error_4516","error_4517","error_4518","error_4519","error_4520","error_4521","error_4522","error_4523","error_4524","error_4525","error_4526","error_4527","error_4528","error_4529","error_4530","error_4531","error_4532","error_4533","error_4534","error_4535","error_4536","error_4537","error_4538","error_4539","error_4540","error_4541","error_4542","error_4543","error_4544","error_4545","error_4546","error_4547","error_4548","error_4549","error_4550","error_4551","error_4552","error_4553","error_4554","error_4555","error_4556","error_4557","error_4558","error_4559","error_4560","error_4561","error_4562","error_4563","error_4564","error_4565","error_4566","error_4567","error_4568","error_4569","error_4570","error_4571","error_4572","error_4573","error_4574","error_4575","error_4576","error_4577","error_4578","error_4579","error_4580","error_4581","error_4582","error_4583","error_4584","error_4585","error_4586","error_4587","error_4588","error_4589","error_4590","error_4591","error_4592","error_4593","error_4594","error_4595","error_4596","error_4597","error_4598","error_4599","error_4600","error_4601","error_4602","error_4603","error_4604","error_4605","error_4606","error_4607","error_4608","error_4609","error_4610","error_4611","error_4612","error_4613","error_4614","error_4615","error_4616","error_4617","error_4618","error_4619","error_4620","error_4621","error_4622","error_4623","error_4624","error_4625","error_4626","error_4627","error_4628","error_4629","error_4630","error_4631","error_4632","error_4633","error_4634","error_4635","error_4636","error_4637","error_4638","error_4639","error_4640","error_4641","error_4642","error_4643","error_4644","error_4645","error_4646","error_4647","error_4648","error_4649","error_4650","error_4651","error_4652","error_4653","error_4654","error_4655","error_4656","error_4657","error_4658","error_4659","error_4660","error_4661","error_4662","error_4663","error_4664","error_4665","error_4666","error_4667","error_4668","error_4669","error_4670","error_4671","error_4672","error_4673","error_4674","error_4675","error_4676","error_4677","error_4678","error_4679","error_4680","error_4681","error_4682","error_4683","error_4684","error_4685","error_4686","error_4687","error_4688","error_4689","error_4690","error_4691","error_4692","error_4693","error_4694","error_4695","error_4696","error_4697","error_4698","error_4699","error_4700","error_4701","error_4702","error_4703","error_4704","error_4705","error_4706","error_4707","error_4708","error_4709","error_4710","error_4711","error_4712","error_4713","error_4714","error_4715","error_4716","error_4717","error_4718","error_4719","error_4720","error_4721","error_4722","error_4723","error_4724","error_4725","error_4726","error_4727","error_4728","error_4729","error_4730","error_4731","error_4732","error_4733","error_4734","error_4735","error_4736","error_4737","error_4738","error_4739","error_4740","error_4741","error_4742","error_4743","error_4744","error_4745","error_4746","error_4747","error_4748","error_4749","error_4750","error_4751","error_4752","error_4753","error_4754","error_4755","error_4756","error_4757","error_4758","error_4759","error_4760","error_4761","error_4762","error_4763","error_4764","error_4765","error_4766","error_4767","error_4768","error_4769","error_4770","error_4771","error_4772","error_4773","error_4774","error_4775","error_4776","error_4777","error_4778","error_4779","error_4780","error_4781","error_4782","error_4783","error_4784","error_4785","error_4786","error_4787","error_4788","error_4789","error_4790","error_4791","error_4792","error_4793","error_4794","error_4795","error_4796","error_4797","error_4798","error_4799","error_4800","error_4801","error_4802","error_4803","error_4804","error_4805","error_4806","error_4807","error_4808","error_4809","error_4810","error_4811","error_4812","error_4813","error_4814","error_4815","error_4816","error_4817","error_4818","error_4819","error_4820","error_4821","error_4822","error_4823","error_4824","error_4825","error_4826","error_4827","error_4828","error_4829","error_4830","error_4831","error_4832","error_4833","error_4834","error_4835","error_4836","error_4837","error_4838","error_4839","error_4840","error_4841","error_4842","error_4843","error_4844","error_4845","error_4846","error_4847","error_4848","error_4849","error_4850","error_4851","error_4852","error_4853","error_4854","error_4855","error_4856","error_4857","error_4858","error_4859","error_4860","error_4861","error_4862","error_4863","error_4864","error_4865","error_4866","error_4867","error_4868","error_4869","error_4870","error_4871","error_4872","error_4873","error_4874","error_4875","error_4876","error_4877","error_4878","error_4879","error_4880","error_4881","error_4882","error_4883","error_4884","error_4885","error_4886","error_4887","error_4888","error_4889","error_4890","error_4891","error_4892","error_4893","error_4894","error_4895","error_4896","error_4897","error_4898","error_4899","error_4900","error_4901","error_4902","error_4903","error_4904","error_4905","error_4906","error_4907","error_4908","error_4909","error_4910","error_4911","error_4912","error_4913","error_4914","error_4915","error_4916","error_4917","error_4918","error_4919","error_4920","error_4921","error_4922","error_4923","error_4924","error_4925","error_4926","error_4927","error_4928","error_4929","error_4930","error_4931","error_4932","error_4933","error_4934","error_4935","error_4936","error_4937","error_4938","error_4939","error_4940","error_4941","error_4942","error_4943","error_4944","error_4945","error_4946","error_4947","error_4948","error_4949","error_4950","error_4951","error_4952","error_4953","error_4954","error_4955","error_4956","error_4957","error_4958","error_4959","error_4960","error_4961","error_4962","error_4963","error_4964","error_4965","error_4966","error_4967","error_4968","error_4969","error_4970","error_4971","error_4972","error_4973","error_4974","error_4975","error_4976","error_4977","error_4978","error_4979","error_4980","error_4981","error_4982","error_4983","error_4984","error_4985","error_4986","error_4987","error_4988","error_4989","error_4990","error_4991","error_4992","error_4993","error_4994","error_4995","error_4996","error_4997","error_4998","error_4999","error_5000","error_5001","error_5002","error_5003","error_5004","error_5005","error_5006","error_5007","error_5008","error_5009","error_5010","error_5011","error_5012","error_5013","error_5014","error_5015","error_5016","error_5017","error_5018","error_5019","error_5020","error_5021","error_5022","error_5023","error_5024","error_5025","error_5026","error_5027","error_5028","error_5029","error_5030","error_5031","error_5032","error_5033","error_5034","error_5035","error_5036","error_5037","error_5038","error_5039","error_5040","error_5041","error_5042","error_5043","error_5044","error_5045","error_5046","error_5047","error_5048","error_5049","error_5050","error_5051","error_5052","error_5053","error_5054","error_5055","error_5056","error_5057","error_5058","error_5059","error_5060","error_5061","error_5062","error_5063","error_5064","error_5065","error_5066","error_5067","error_5068","error_5069","error_5070","error_5071","error_5072","error_5073","error_5074","error_5075","error_5076","error_5077","error_5078","error_5079","error_5080","error_5081","error_5082","error_5083","error_5084","error_5085","error_5086","error_5087","error_5088","error_5089","error_5090","error_5091","error_5092","error_5093","error_5094","error_5095","error_5096","error_5097","error_5098","error_5099","error_5100","error_5101","error_5102","error_5103","error_5104","error_5105","error_5106","error_5107","error_5108","error_5109","error_5110","error_5111","error_5112","error_5113","error_5114","error_5115","error_5116","error_5117","error_5118","error_5119","error_5120","error_5121","error_5122","error_5123","error_5124","error_5125","error_5126","error_5127","error_5128","error_5129","error_5130","error_5131","error_5132","error_5133","error_5134","error_5135","error_5136","error_5137","error_5138","error_5139","error_5140","error_5141","error_5142","error_5143","error_5144","error_5145","error_5146","error_5147","error_5148","error_5149","error_5150","error_5151","error_5152","error_5153","error_5154","error_5155","error_5156","error_5157","error_5158","error_5159","error_5160","error_5161","error_5162","error_5163","error_5164","error_5165","error_5166","error_5167","error_5168","error_5169","error_5170","error_5171","error_5172","error_5173","error_5174","error_5175","error_5176","error_5177","error_5178","error_5179","error_5180","error_5181","error_5182","error_5183","error_5184","error_5185","error_5186","error_5187","error_5188","error_5189","error_5190","error_5191","error_5192","error_5193","error_5194","error_5195","error_5196","error_5197","error_5198","error_5199","error_5200","error_5201","error_5202","error_5203","error_5204","error_5205","error_5206","error_5207","error_5208","error_5209","error_5210","error_5211","error_5212","error_5213","error_5214","error_5215","error_5216","error_5217","error_5218","error_5219","error_5220","error_5221","error_5222","error_5223","error_5224","error_5225","error_5226","error_5227","error_5228","error_5229","error_5230","error_5231","error_5232","error_5233","error_5234","error_5235","error_5236","error_5237","error_5238","error_5239","error_5240","error_5241","error_5242","error_5243","error_5244","error_5245","error_5246","error_5247","error_5248","error_5249","error_5250","error_5251","error_5252","error_5253","error_5254","error_5255","error_5256","error_5257","error_5258","error_5259","error_5260","error_5261","error_5262","error_5263","error_5264","error_5265","error_5266","error_5267","error_5268","error_5269","error_5270","error_5271","error_5272","error_5273","error_5274","error_5275","error_5276","error_5277","error_5278","error_5279","error_5280","error_5281","error_5282","error_5283","error_5284","error_5285","error_5286","error_5287","error_5288","error_5289","error_5290","error_5291","error_5292","error_5293","error_5294","error_5295","error_5296","error_5297","error_5298","error_5299","error_5300","error_5301","error_5302","error_5303","error_5304","error_5305","error_5306","error_5307","error_5308","error_5309","error_5310","error_5311","error_5312","error_5313","error_5314","error_5315","error_5316","error_5317","error_5318","error_5319","error_5320","error_5321","error_5322","error_5323","error_5324","error_5325","error_5326","error_5327","error_5328","error_5329","error_5330","error_5331","error_5332","error_5333","error_5334","error_5335","error_5336","error_5337","error_5338","error_5339","error_5340","error_5341","error_5342","error_5343","error_5344","error_5345","error_5346","error_5347","error_5348","error_5349","error_5350","error_5351","error_5352","error_5353","error_5354","error_5355","error_5356","error_5357","error_5358","error_5359","error_5360","error_5361","error_5362","error_5363","error_5364","error_5365","error_5366","error_5367","error_5368","error_5369","error_5370","error_5371","error_5372","error_5373","error_5374","error_5375","error_5376","error_5377","error_5378","error_5379","error_5380","error_5381","error_5382","error_5383","error_5384","error_5385","error_5386","error_5387","error_5388","error_5389","error_5390","error_5391","error_5392","error_5393","error_5394","error_5395","error_5396","error_5397","error_5398","error_5399","error_5400","error_5401","error_5402","error_5403","error_5404","error_5405","error_5406","error_5407","error_5408","error_5409","error_5410","error_5411","error_5412","error_5413","error_5414","error_5415","error_5416","error_5417","error_5418","error_5419","error_5420","error_5421","error_5422","error_5423","error_5424","error_5425","error_5426","error_5427","error_5428","error_5429","error_5430","error_5431","error_5432","error_5433","error_5434","error_5435","error_5436","error_5437","error_5438","error_5439","error_5440","error_5441","error_5442","error_5443","error_5444","error_5445","error_5446","error_5447","error_5448","error_5449","error_5450","error_5451","error_5452","error_5453","error_5454","error_5455","error_5456","error_5457","error_5458","error_5459","error_5460","error_5461","error_5462","error_5463","error_5464","error_5465","error_5466","error_5467","error_5468","error_5469","error_5470","error_5471","error_5472","error_5473","error_5474","error_5475","error_5476","error_5477","error_5478","error_5479","error_5480","error_5481","error_5482","error_5483","error_5484","error_5485","error_5486","error_5487","error_5488","error_5489","error_5490","error_5491","error_5492","error_5493","error_5494","error_5495","error_5496","error_5497","error_5498","error_5499","error_5500","error_5501","error_5502","error_5503","error_5504","error_5505","error_5506","error_5507","error_5508","error_5509","error_5510","error_5511","error_5512","error_5513","error_5514","error_5515","error_5516","error_5517","error_5518","error_5519","error_5520","error_5521","error_5522","error_5523","error_5524","error_5525","error_5526","error_5527","error_5528","error_5529","error_5530","error_5531","error_5532","error_5533","error_5534","error_5535","error_5536","error_5537","error_5538","error_5539","error_5540","error_5541","error_5542","error_5543","error_5544","error_5545","error_5546","error_5547","error_5548","error_5549","error_5550","error_5551","error_5552","error_5553","error_5554","error_5555","error_5556","error_5557","error_5558","error_5559","error_5560","error_5561","error_5562","error_5563","error_5564","error_5565","error_5566","error_5567","error_5568","error_5569","error_5570","error_5571","error_5572","error_5573","error_5574","error_5575","error_5576","error_5577","error_5578","error_5579","error_5580","error_5581","error_5582","error_5583","error_5584","error_5585","error_5586","error_5587","error_5588","error_5589","error_5590","error_5591","error_5592","error_5593","error_5594","error_5595","error_5596","error_5597","error_5598","error_5599","error_5600","error_5601","error_5602","error_5603","error_5604","error_5605","error_5606","error_5607","error_5608","error_5609","error_5610","error_5611","error_5612","error_5613","error_5614","error_5615","error_5616","error_5617","error_5618","error_5619","error_5620","error_5621","error_5622","error_5623","error_5624","error_5625","error_5626","error_5627","error_5628","error_5629","error_5630","error_5631","error_5632","error_5633","error_5634","error_5635","error_5636","error_5637","error_5638","error_5639","error_5640","error_5641","error_5642","error_5643","error_5644","error_5645","error_5646","error_5647","error_5648","error_5649","error_5650","error_5651","error_5652","error_5653","error_5654","error_5655","error_5656","error_5657","error_5658","error_5659","error_5660","error_5661","error_5662","error_5663","error_5664","error_5665","error_5666","error_5667","error_5668","error_5669","error_5670","error_5671","error_5672","error_5673","error_5674","error_5675","error_5676","error_5677","error_5678","error_5679","error_5680","error_5681","error_5682","error_5683","error_5684","error_5685","error_5686","error_5687","error_5688","error_5689","error_5690","error_5691","error_5692","error_5693","error_5694","error_5695","error_5696","error_5697","error_5698","error_5699","error_5700","error_5701","error_5702","error_5703","error_5704","error_5705","error_5706","error_5707","error_5708","error_5709","error_5710","error_5711","error_5712","error_5713","error_5714","error_5715","error_5716","error_5717","error_5718","error_5719","error_5720","error_5721","error_5722","error_5723","error_5724","error_5725","error_5726","error_5727","error_5728","error_5729","error_5730","error_5731","error_5732","error_5733","error_5734","error_5735","error_5736","error_5737","error_5738","error_5739","error_5740","error_5741","error_5742","error_5743","error_5744","error_5745","error_5746","error_5747","error_5748","error_5749","error_5750","error_5751","error_5752","error_5753","error_5754","error_5755","error_5756","error_5757","error_5758","error_5759","error_5760","error_5761","error_5762","error_5763","error_5764","error_5765","error_5766","error_5767","error_5768","error_5769","error_5770","error_5771","error_5772","error_5773","error_5774","error_5775","error_5776","error_5777","error_5778","error_5779","error_5780","error_5781","error_5782","error_5783","error_5784","error_5785","error_5786","error_5787","error_5788","error_5789","error_5790","error_5791","error_5792","error_5793","error_5794","error_5795","error_5796","error_5797","error_5798","error_5799","error_5800","error_5801","error_5802","error_5803","error_5804","error_5805","error_5806","error_5807","error_5808","error_5809","error_5810","error_5811","error_5812","error_5813","error_5814","error_5815","error_5816","error_5817","error_5818","error_5819","error_5820","error_5821","error_5822","error_5823","error_5824","error_5825","error_5826","error_5827","error_5828","error_5829","error_5830","error_5831","error_5832","error_5833","error_5834","error_5835","error_5836","error_5837","error_5838","error_5839","error_5840","error_5841","error_5842","error_5843","error_5844","error_5845","error_5846","error_5847","error_5848","error_5849","error_5850","error_5851","error_5852","error_5853","error_5854","error_5855","error_5856","error_5857","error_5858","error_5859","error_5860","error_5861","error_5862","error_5863","error_5864","error_5865","error_5866","error_5867","error_5868","error_5869","error_5870","error_5871","error_5872","error_5873","error_5874","error_5875","error_5876","error_5877","error_5878","error_5879","error_5880","error_5881","error_5882","error_5883","error_5884","error_5885","error_5886","error_5887","error_5888","error_5889","error_5890","error_5891","error_5892","error_5893","error_5894","error_5895","error_5896","error_5897","error_5898","error_5899","error_5900","error_5901","error_5902","error_5903","error_5904","error_5905","error_5906","error_5907","error_5908","error_5909","error_5910","error_5911","error_5912","error_5913","error_5914","error_5915","error_5916","error_5917","error_5918","error_5919","error_5920","error_5921","error_5922","error_5923","error_5924","error_5925","error_5926","error_5927","error_5928","error_5929","error_5930","error_5931","error_5932","error_5933","error_5934","error_5935","error_5936","error_5937","error_5938","error_5939","error_5940","error_5941","error_5942","error_5943","error_5944","error_5945","error_5946","error_5947","error_5948","error_5949","error_5950","error_5951","error_5952","error_5953","error_5954","error_5955","error_5956","error_5957","error_5958","error_5959","error_5960","error_5961","error_5962","error_5963","error_5964","error_5965","error_5966","error_5967","error_5968","error_5969","error_5970","error_5971","error_5972","error_5973","error_5974","error_5975","error_5976","error_5977","error_5978","error_5979","error_5980","error_5981","error_5982","error_5983","error_5984","error_5985","error_5986","error_5987","error_5988","error_5989","error_5990","error_5991","error_5992","error_5993","error_5994","error_5995","error_5996","error_5997","error_5998","error_5999","error_6000","error_6001","error_6002","error_6003","error_6004","error_6005","error_6006","error_6007","error_6008","error_6009","error_6010","error_6011","error_6012","error_6013","error_6014","error_6015","error_6016","error_6017","error_6018","error_6019","error_6020","error_6021","error_6022","error_6023","error_6024","error_6025","error_6026","error_6027","error_6028","error_6029","error_6030","error_6031","error_6032","error_6033","error_6034","error_6035","error_6036","error_6037","error_6038","error_6039","error_6040","error_6041","error_6042","error_6043","error_6044","error_6045","error_6046","error_6047","error_6048","error_6049","error_6050","error_6051","error_6052","error_6053","error_6054","error_6055","error_6056","error_6057","error_6058","error_6059","error_6060","error_6061","error_6062","error_6063","error_6064","error_6065","error_6066","error_6067","error_6068","error_6069","error_6070","error_6071","error_6072","error_6073","error_6074","error_6075","error_6076","error_6077","error_6078","error_6079","error_6080","error_6081","error_6082","error_6083","error_6084","error_6085","error_6086","error_6087","error_6088","error_6089","error_6090","error_6091","error_6092","error_6093","error_6094","error_6095","error_6096","error_6097","error_6098","error_6099","error_6100","error_6101","error_6102","error_6103","error_6104","error_6105","error_6106","error_6107","error_6108","error_6109","error_6110","error_6111","error_6112","error_6113","error_6114","error_6115","error_6116","error_6117","error_6118","error_6119","error_6120","error_6121","error_6122","error_6123","error_6124","error_6125","error_6126","error_6127","error_6128","error_6129","error_6130","error_6131","error_6132","error_6133","error_6134","error_6135","error_6136","error_6137","error_6138","error_6139","error_6140","error_6141","error_6142","error_6143","error_6144","error_6145","error_6146","error_6147","error_6148","error_6149","error_6150","error_6151","error_6152","error_6153","error_6154","error_6155","error_6156","error_6157","error_6158","error_6159","error_6160","error_6161","error_6162","error_6163","error_6164","error_6165","error_6166","error_6167","error_6168","error_6169","error_6170","error_6171","error_6172","error_6173","error_6174","error_6175","error_6176","error_6177","error_6178","error_6179","error_6180","error_6181","error_6182","error_6183","error_6184","error_6185","error_6186","error_6187","error_6188","error_6189","error_6190","error_6191","error_6192","error_6193","error_6194","error_6195","error_6196","error_6197","error_6198","error_6199","error_6200","error_6201","error_6202","error_6203","error_6204","error_6205","error_6206","error_6207","error_6208","error_6209","error_6210","error_6211","error_6212","error_6213","error_6214","error_6215","error_6216","error_6217","error_6218","error_6219","error_6220","error_6221","error_6222","error_6223","error_6224","error_6225","error_6226","error_6227","error_6228","error_6229","error_6230","error_6231","error_6232","error_6233","error_6234","error_6235","error_6236","error_6237","error_6238","error_6239","error_6240","error_6241","error_6242","error_6243","error_6244","error_6245","error_6246","error_6247","error_6248","error_6249","error_6250","error_6251","error_6252","error_6253","error_6254","error_6255","error_6256","error_6257","error_6258","error_6259","error_6260","error_6261","error_6262","error_6263","error_6264","error_6265","error_6266","error_6267","error_6268","error_6269","error_6270","error_6271","error_6272","error_6273","error_6274","error_6275","error_6276","error_6277","error_6278","error_6279","error_6280","error_6281","error_6282","error_6283","error_6284","error_6285","error_6286","error_6287","error_6288","error_6289","error_6290","error_6291","error_6292","error_6293","error_6294","error_6295","error_6296","error_6297","error_6298","error_6299","error_6300","error_6301","error_6302","error_6303","error_6304","error_6305","error_6306","error_6307","error_6308","error_6309","error_6310","error_6311","error_6312","error_6313","error_6314","error_6315","error_6316","error_6317","error_6318","error_6319","error_6320","error_6321","error_6322","error_6323","error_6324","error_6325","error_6326","error_6327","error_6328","error_6329","error_6330","error_6331","error_6332","error_6333","error_6334","error_6335","error_6336","error_6337","error_6338","error_6339","error_6340","error_6341","error_6342","error_6343","error_6344","error_6345","error_6346","error_6347","error_6348","error_6349","error_6350","error_6351","error_6352","error_6353","error_6354","error_6355","error_6356","error_6357","error_6358","error_6359","error_6360","error_6361","error_6362","error_6363","error_6364","error_6365","error_6366","error_6367","error_6368","error_6369","error_6370","error_6371","error_6372","error_6373","error_6374","error_6375","error_6376","error_6377","error_6378","error_6379","error_6380","error_6381","error_6382","error_6383","error_6384","error_6385","error_6386","error_6387","error_6388","error_6389","error_6390","error_6391","error_6392","error_6393","error_6394","error_6395","error_6396","error_6397","error_6398","error_6399","error_6400","error_6401","error_6402","error_6403","error_6404","error_6405","error_6406","error_6407","error_6408","error_6409","error_6410","error_6411","error_6412","error_6413","error_6414","error_6415","error_6416","error_6417","error_6418","error_6419","error_6420","error_6421","error_6422","error_6423","error_6424","error_6425","error_6426","error_6427","error_6428","error_6429","error_6430","error_6431","error_6432","error_6433","error_6434","error_6435","error_6436","error_6437","error_6438","error_6439","error_6440","error_6441","error_6442","error_6443","error_6444","error_6445","error_6446","error_6447","error_6448","error_6449","error_6450","error_6451","error_6452","error_6453","error_6454","error_6455","error_6456","error_6457","error_6458","error_6459","error_6460","error_6461","error_6462","error_6463","error_6464","error_6465","error_6466","error_6467","error_6468","error_6469","error_6470","error_6471","error_6472","error_6473","error_6474","error_6475","error_6476","error_6477","error_6478","error_6479","error_6480","error_6481","error_6482","error_6483","error_6484","error_6485","error_6486","error_6487","error_6488","error_6489","error_6490","error_6491","error_6492","error_6493","error_6494","error_6495","error_6496","error_6497","error_6498","error_6499","error_6500","error_6501","error_6502","error_6503","error_6504","error_6505","error_6506","error_6507","error_6508","error_6509","error_6510","error_6511","error_6512","error_6513","error_6514","error_6515","error_6516","error_6517","error_6518","error_6519","error_6520","error_6521","error_6522","error_6523","error_6524","error_6525","error_6526","error_6527","error_6528","error_6529","error_6530","error_6531","error_6532","error_6533","error_6534","error_6535","error_6536","error_6537","error_6538","error_6539","error_6540","error_6541","error_6542","error_6543","error_6544","error_6545","error_6546","error_6547","error_6548","error_6549","error_6550","error_6551","error_6552","error_6553","error_6554","error_6555","error_6556","error_6557","error_6558","error_6559","error_6560","error_6561","error_6562","error_6563","error_6564","error_6565","error_6566","error_6567","error_6568","error_6569","error_6570","error_6571","error_6572","error_6573","error_6574","error_6575","error_6576","error_6577","error_6578","error_6579","error_6580","error_6581","error_6582","error_6583","error_6584","error_6585","error_6586","error_6587","error_6588","error_6589","error_6590","error_6591","error_6592","error_6593","error_6594","error_6595","error_6596","error_6597","error_6598","error_6599","error_6600","error_6601","error_6602","error_6603","error_6604","error_6605","error_6606","error_6607","error_6608","error_6609","error_6610","error_6611","error_6612","error_6613","error_6614","error_6615","error_6616","error_6617","error_6618","error_6619","error_6620","error_6621","error_6622","error_6623","error_6624","error_6625","error_6626","error_6627","error_6628","error_6629","error_6630","error_6631","error_6632","error_6633","error_6634","error_6635","error_6636","error_6637","error_6638","error_6639","error_6640","error_6641","error_6642","error_6643","error_6644","error_6645","error_6646","error_6647","error_6648","error_6649","error_6650","error_6651","error_6652","error_6653","error_6654","error_6655","error_6656","error_6657","error_6658","error_6659","error_6660","error_6661","error_6662","error_6663","error_6664","error_6665","error_6666","error_6667","error_6668","error_6669","error_6670","error_6671","error_6672","error_6673","error_6674","error_6675","error_6676","error_6677","error_6678","error_6679","error_6680","error_6681","error_6682","error_6683","error_6684","error_6685","error_6686","error_6687","error_6688","error_6689","error_6690","error_6691","error_6692","error_6693","error_6694","error_6695","error_6696","error_6697","error_6698","error_6699","error_6700","error_6701","error_6702","error_6703","error_6704","error_6705","error_6706","error_6707","error_6708","error_6709","error_6710","error_6711","error_6712","error_6713","error_6714","error_6715","error_6716","error_6717","error_6718","error_6719","error_6720","error_6721","error_6722","error_6723","error_6724","error_6725","error_6726","error_6727","error_6728","error_6729","error_6730","error_6731","error_6732","error_6733","error_6734","error_6735","error_6736","error_6737","error_6738","error_6739","error_6740","error_6741","error_6742","error_6743","error_6744","error_6745","error_6746","error_6747","error_6748","error_6749","error_6750","error_6751","error_6752","error_6753","error_6754","error_6755","error_6756","error_6757","error_6758","error_6759","error_6760","error_6761","error_6762","error_6763","error_6764","error_6765","error_6766","error_6767","error_6768","error_6769","error_6770","error_6771","error_6772","error_6773","error_6774","error_6775","error_6776","error_6777","error_6778","error_6779","error_6780","error_6781","error_6782","error_6783","error_6784","error_6785","error_6786","error_6787","error_6788","error_6789","error_6790","error_6791","error_6792","error_6793","error_6794","error_6795","error_6796","error_6797","error_6798","error_6799","error_6800","error_6801","error_6802","error_6803","error_6804","error_6805","error_6806","error_6807","error_6808","error_6809","error_6810","error_6811","error_6812","error_6813","error_6814","error_6815","error_6816","error_6817","error_6818","error_6819","error_6820","error_6821","error_6822","error_6823","error_6824","error_6825","error_6826","error_6827","error_6828","error_6829","error_6830","error_6831","error_6832","error_6833","error_6834","error_6835","error_6836","error_6837","error_6838","error_6839","error_6840","error_6841","error_6842","error_6843","error_6844","error_6845","error_6846","error_6847","error_6848","error_6849","error_6850","error_6851","error_6852","error_6853","error_6854","error_6855","error_6856","error_6857","error_6858","error_6859","error_6860","error_6861","error_6862","error_6863","error_6864","error_6865","error_6866","error_6867","error_6868","error_6869","error_6870","error_6871","error_6872","error_6873","error_6874","error_6875","error_6876","error_6877","error_6878","error_6879","error_6880","error_6881","error_6882","error_6883","error_6884","error_6885","error_6886","error_6887","error_6888","error_6889","error_6890","error_6891","error_6892","error_6893","error_6894","error_6895","error_6896","error_6897","error_6898","error_6899","error_6900","error_6901","error_6902","error_6903","error_6904","error_6905","error_6906","error_6907","error_6908","error_6909","error_6910","error_6911","error_6912","error_6913","error_6914","error_6915","error_6916","error_6917","error_6918","error_6919","error_6920","error_6921","error_6922","error_6923","error_6924","error_6925","error_6926","error_6927","error_6928","error_6929","error_6930","error_6931","error_6932","error_6933","error_6934","error_6935","error_6936","error_6937","error_6938","error_6939","error_6940","error_6941","error_6942","error_6943","error_6944","error_6945","error_6946","error_6947","error_6948","error_6949","error_6950","error_6951","error_6952","error_6953","error_6954","error_6955","error_6956","error_6957","error_6958","error_6959","error_6960","error_6961","error_6962","error_6963","error_6964","error_6965","error_6966","error_6967","error_6968","error_6969","error_6970","error_6971","error_6972","error_6973","error_6974","error_6975","error_6976","error_6977","error_6978","error_6979","error_6980","error_6981","error_6982","error_6983","error_6984","error_6985","error_6986","error_6987","error_6988","error_6989","error_6990","error_6991","error_6992","error_6993","error_6994","error_6995","error_6996","error_6997","error_6998","error_6999","error_7000","error_7001","error_7002","error_7003","error_7004","error_7005","error_7006","error_7007","error_7008","error_7009","error_7010","error_7011","error_7012","error_7013","error_7014","error_7015","error_7016","error_7017","error_7018","error_7019","error_7020","error_7021","error_7022","error_7023","error_7024","error_7025","error_7026","error_7027","error_7028","error_7029","error_7030","error_7031","error_7032","error_7033","error_7034","error_7035","error_7036","error_7037","error_7038","error_7039","error_7040","error_7041","error_7042","error_7043","error_7044","error_7045","error_7046","error_7047","error_7048","error_7049","error_7050","error_7051","error_7052","error_7053","error_7054","error_7055","error_7056","error_7057","error_7058","error_7059","error_7060","error_7061","error_7062","error_7063","error_7064","error_7065","error_7066","error_7067","error_7068","error_7069","error_7070","error_7071","error_7072","error_7073","error_7074","error_7075","error_7076","error_7077","error_7078","error_7079","error_7080","error_7081","error_7082","error_7083","error_7084","error_7085","error_7086","error_7087","error_7088","error_7089","error_7090","error_7091","error_7092","error_7093","error_7094","error_7095","error_7096","error_7097","error_7098","error_7099","error_7100","error_7101","error_7102","error_7103","error_7104","error_7105","error_7106","error_7107","error_7108","error_7109","error_7110","error_7111","error_7112","error_7113","error_7114","error_7115","error_7116","error_7117","error_7118","error_7119","error_7120","error_7121","error_7122","error_7123","error_7124","error_7125","error_7126","error_7127","error_7128","error_7129","error_7130","error_7131","error_7132","error_7133","error_7134","error_7135","error_7136","error_7137","error_7138","error_7139","error_7140","error_7141","error_7142","error_7143","error_7144","error_7145","error_7146","error_7147","error_7148","error_7149","error_7150","error_7151","error_7152","error_7153","error_7154","error_7155","error_7156","error_7157","error_7158","error_7159","error_7160","error_7161","error_7162","error_7163","error_7164","error_7165","error_7166","error_7167","error_7168","error_7169","error_7170","error_7171","error_7172","error_7173","error_7174","error_7175","error_7176","error_7177","error_7178","error_7179","error_7180","error_7181","error_7182","error_7183","error_7184","error_7185","error_7186","error_7187","error_7188","error_7189","error_7190","error_7191","error_7192","error_7193","error_7194","error_7195","error_7196","error_7197","error_7198","error_7199","error_7200","error_7201","error_7202","error_7203","error_7204","error_7205","error_7206","error_7207","error_7208","error_7209","error_7210","error_7211","error_7212","error_7213","error_7214","error_7215","error_7216","error_7217","error_7218","error_7219","error_7220","error_7221","error_7222","error_7223","error_7224","error_7225","error_7226","error_7227","error_7228","error_7229","error_7230","error_7231","error_7232","error_7233","error_7234","error_7235","error_7236","error_7237","error_7238","error_7239","error_7240","error_7241","error_7242","error_7243","error_7244","error_7245","error_7246","error_7247","error_7248","error_7249","error_7250","error_7251","error_7252","error_7253","error_7254","error_7255","error_7256","error_7257","error_7258","error_7259","error_7260","error_7261","error_7262","error_7263","error_7264","error_7265","error_7266","error_7267","error_7268","error_7269","error_7270","error_7271","error_7272","error_7273","error_7274","error_7275","error_7276","error_7277","error_7278","error_7279","error_7280","error_7281","error_7282","error_7283","error_7284","error_7285","error_7286","error_7287","error_7288","error_7289","error_7290","error_7291","error_7292","error_7293","error_7294","error_7295","error_7296","error_7297","error_7298","error_7299","error_7300","error_7301","error_7302","error_7303","error_7304","error_7305","error_7306","error_7307","error_7308","error_7309","error_7310","error_7311","error_7312","error_7313","error_7314","error_7315","error_7316","error_7317","error_7318","error_7319","error_7320","error_7321","error_7322","error_7323","error_7324","error_7325","error_7326","error_7327","error_7328","error_7329","error_7330","error_7331","error_7332","error_7333","error_7334","error_7335","error_7336","error_7337","error_7338","error_7339","error_7340","error_7341","error_7342","error_7343","error_7344","error_7345","error_7346","error_7347","error_7348","error_7349","error_7350","error_7351","error_7352","error_7353","error_7354","error_7355","error_7356","error_7357","error_7358","error_7359","error_7360","error_7361","error_7362","error_7363","error_7364","error_7365","error_7366","error_7367","error_7368","error_7369","error_7370","error_7371","error_7372","error_7373","error_7374","error_7375","error_7376","error_7377","error_7378","error_7379","error_7380","error_7381","error_7382","error_7383","error_7384","error_7385","error_7386","error_7387","error_7388","error_7389","error_7390","error_7391","error_7392","error_7393","error_7394","error_7395","error_7396","error_7397","error_7398","error_7399","error_7400","error_7401","error_7402","error_7403","error_7404","error_7405","error_7406","error_7407","error_7408","error_7409","error_7410","error_7411","error_7412","error_7413","error_7414","error_7415","error_7416","error_7417","error_7418","error_7419","error_7420","error_7421","error_7422","error_7423","error_7424","error_7425","error_7426","error_7427","error_7428","error_7429","error_7430","error_7431","error_7432","error_7433","error_7434","error_7435","error_7436","error_7437","error_7438","error_7439","error_7440","error_7441","error_7442","error_7443","error_7444","error_7445","error_7446","error_7447","error_7448","error_7449","error_7450","error_7451","error_7452","error_7453","error_7454","error_7455","error_7456","error_7457","error_7458","error_7459","error_7460","error_7461","error_7462","error_7463","error_7464","error_7465","error_7466","error_7467","error_7468","error_7469","error_7470","error_7471","error_7472","error_7473","error_7474","error_7475","error_7476","error_7477","error_7478","error_7479","error_7480","error_7481","error_7482","error_7483","error_7484","error_7485","error_7486","error_7487","error_7488","error_7489","error_7490","error_7491","error_7492","error_7493","error_7494","error_7495","error_7496","error_7497","error_7498","error_7499","error_7500","error_7501","error_7502","error_7503","error_7504","error_7505","error_7506","error_7507","error_7508","error_7509","error_7510","error_7511","error_7512","error_7513","error_7514","error_7515","error_7516","error_7517","error_7518","error_7519","error_7520","error_7521","error_7522","error_7523","error_7524","error_7525","error_7526","error_7527","error_7528","error_7529","error_7530","error_7531","error_7532","error_7533","error_7534","error_7535","error_7536","error_7537","error_7538","error_7539","error_7540","error_7541","error_7542","error_7543","error_7544","error_7545","error_7546","error_7547","error_7548","error_7549","error_7550","error_7551","error_7552","error_7553","error_7554","error_7555","error_7556","error_7557","error_7558","error_7559","error_7560","error_7561","error_7562","error_7563","error_7564","error_7565","error_7566","error_7567","error_7568","error_7569","error_7570","error_7571","error_7572","error_7573","error_7574","error_7575","error_7576","error_7577","error_7578","error_7579","error_7580","error_7581","error_7582","error_7583","error_7584","error_7585","error_7586","error_7587","error_7588","error_7589","error_7590","error_7591","error_7592","error_7593","error_7594","error_7595","error_7596","error_7597","error_7598","error_7599","error_7600","error_7601","error_7602","error_7603","error_7604","error_7605","error_7606","error_7607","error_7608","error_7609","error_7610","error_7611","error_7612","error_7613","error_7614","error_7615","error_7616","error_7617","error_7618","error_7619","error_7620","error_7621","error_7622","error_7623","error_7624","error_7625","error_7626","error_7627","error_7628","error_7629","error_7630","error_7631","error_7632","error_7633","error_7634","error_7635","error_7636","error_7637","error_7638","error_7639","error_7640","error_7641","error_7642","error_7643","error_7644","error_7645","error_7646","error_7647","error_7648","error_7649","error_7650","error_7651","error_7652","error_7653","error_7654","error_7655","error_7656","error_7657","error_7658","error_7659","error_7660","error_7661","error_7662","error_7663","error_7664","error_7665","error_7666","error_7667","error_7668","error_7669","error_7670","error_7671","error_7672","error_7673","error_7674","error_7675","error_7676","error_7677","error_7678","error_7679","error_7680","error_7681","error_7682","error_7683","error_7684","error_7685","error_7686","error_7687","error_7688","error_7689","error_7690","error_7691","error_7692","error_7693","error_7694","error_7695","error_7696","error_7697","error_7698","error_7699","error_7700","error_7701","error_7702","error_7703","error_7704","error_7705","error_7706","error_7707","error_7708","error_7709","error_7710","error_7711","error_7712","error_7713","error_7714","error_7715","error_7716","error_7717","error_7718","error_7719","error_7720","error_7721","error_7722","error_7723","error_7724","error_7725","error_7726","error_7727","error_7728","error_7729","error_7730","error_7731","error_7732","error_7733","error_7734","error_7735","error_7736","error_7737","error_7738","error_7739","error_7740","error_7741","error_7742","error_7743","error_7744","error_7745","error_7746","error_7747","error_7748","error_7749","error_7750","error_7751","error_7752","error_7753","error_7754","error_7755","error_7756","error_7757","error_7758","error_7759","error_7760","error_7761","error_7762","error_7763","error_7764","error_7765","error_7766","error_7767","error_7768","error_7769","error_7770","error_7771","error_7772","error_7773","error_7774","error_7775","error_7776","error_7777","error_7778","error_7779","error_7780","error_7781","error_7782","error_7783","error_7784","error_7785","error_7786","error_7787","error_7788","error_7789","error_7790","error_7791","error_7792","error_7793","error_7794","error_7795","error_7796","error_7797","error_7798","error_7799","error_7800","error_7801","error_7802","error_7803","error_7804","error_7805","error_7806","error_7807","error_7808","error_7809","error_7810","error_7811","error_7812","error_7813","error_7814","error_7815","error_7816","error_7817","error_7818","error_7819","error_7820","error_7821","error_7822","error_7823","error_7824","error_7825","error_7826","error_7827","error_7828","error_7829","error_7830","error_7831","error_7832","error_7833","error_7834","error_7835","error_7836","error_7837","error_7838","error_7839","error_7840","error_7841","error_7842","error_7843","error_7844","error_7845","error_7846","error_7847","error_7848","error_7849","error_7850","error_7851","error_7852","error_7853","error_7854","error_7855","error_7856","error_7857","error_7858","error_7859","error_7860","error_7861","error_7862","error_7863","error_7864","error_7865","error_7866","error_7867","error_7868","error_7869","error_7870","error_7871","error_7872","error_7873","error_7874","error_7875","error_7876","error_7877","error_7878","error_7879","error_7880","error_7881","error_7882","error_7883","error_7884","error_7885","error_7886","error_7887","error_7888","error_7889","error_7890","error_7891","error_7892","error_7893","error_7894","error_7895","error_7896","error_7897","error_7898","error_7899","error_7900","error_7901","error_7902","error_7903","error_7904","error_7905","error_7906","error_7907","error_7908","error_7909","error_7910","error_7911","error_7912","error_7913","error_7914","error_7915","error_7916","error_7917","error_7918","error_7919","error_7920","error_7921","error_7922","error_7923","error_7924","error_7925","error_7926","error_7927","error_7928","error_7929","error_7930","error_7931","error_7932","error_7933","error_7934","error_7935","error_7936","error_7937","error_7938","error_7939","error_7940","error_7941","error_7942","error_7943","error_7944","error_7945","error_7946","error_7947","error_7948","error_7949","error_7950","error_7951","error_7952","error_7953","error_7954","error_7955","error_7956","error_7957","error_7958","error_7959","error_7960","error_7961","error_7962","error_7963","error_7964","error_7965","error_7966","error_7967","error_7968","error_7969","error_7970","error_7971","error_7972","error_7973","error_7974","error_7975","error_7976","error_7977","error_7978","error_7979","error_7980","error_7981","error_7982","error_7983","error_7984","error_7985","error_7986","error_7987","error_7988","error_7989","error_7990","error_7991","error_7992","error_7993","error_7994","error_7995","error_7996","error_7997","error_7998","error_7999","error_8000","error_8001","error_8002","error_8003","error_8004","error_8005","error_8006","error_8007","error_8008","error_8009","error_8010","error_8011","error_8012","error_8013","error_8014","error_8015","error_8016","error_8017","error_8018","error_8019","error_8020","error_8021","error_8022","error_8023","error_8024","error_8025","error_8026","error_8027","error_8028","error_8029","error_8030","error_8031","error_8032","error_8033","error_8034","error_8035","error_8036","error_8037","error_8038","error_8039","error_8040","error_8041","error_8042","error_8043","error_8044","error_8045","error_8046","error_8047","error_8048","error_8049","error_8050","error_8051","error_8052","error_8053","error_8054","error_8055","error_8056","error_8057","error_8058","error_8059","error_8060","error_8061","error_8062","error_8063","error_8064","error_8065","error_8066","error_8067","error_8068","error_8069","error_8070","error_8071","error_8072","error_8073","error_8074","error_8075","error_8076","error_8077","error_8078","error_8079","error_8080","error_8081","error_8082","error_8083","error_8084","error_8085","error_8086","error_8087","error_8088","error_8089","error_8090","error_8091","error_8092","error_8093","error_8094","error_8095","error_8096","error_8097","error_8098","error_8099","error_8100","error_8101","error_8102","error_8103","error_8104","error_8105","error_8106","error_8107","error_8108","error_8109","error_8110","error_8111","error_8112","error_8113","error_8114","error_8115","error_8116","error_8117","error_8118","error_8119","error_8120","error_8121","error_8122","error_8123","error_8124","error_8125","error_8126","error_8127","error_8128","error_8129","error_8130","error_8131","error_8132","error_8133","error_8134","error_8135","error_8136","error_8137","error_8138","error_8139","error_8140","error_8141","error_8142","error_8143","error_8144","error_8145","error_8146","error_8147","error_8148","error_8149","error_8150","error_8151","error_8152","error_8153","error_8154","error_8155","error_8156","error_8157","error_8158","error_8159","error_8160","error_8161","error_8162","error_8163","error_8164","error_8165","error_8166","error_8167","error_8168","error_8169","error_8170","error_8171","error_8172","error_8173","error_8174","error_8175","error_8176","error_8177","error_8178","error_8179","error_8180","error_8181","error_8182","error_8183","error_8184","error_8185","error_8186","error_8187","error_8188","error_8189","error_8190","error_8191","error_8192","error_8193","error_8194","error_8195","error_8196","error_8197","error_8198","error_8199","error_8200","error_8201","error_8202","error_8203","error_8204","error_8205","error_8206","error_8207","error_8208","error_8209","error_8210","error_8211","error_8212","error_8213","error_8214","error_8215","error_8216","error_8217","error_8218","error_8219","error_8220","error_8221","error_8222","error_8223","error_8224","error_8225","error_8226","error_8227","error_8228","error_8229","error_8230","error_8231","error_8232","error_8233","error_8234","error_8235","error_8236","error_8237","error_8238","error_8239","error_8240","error_8241","error_8242","error_8243","error_8244","error_8245","error_8246","error_8247","error_8248","error_8249","error_8250","error_8251","error_8252","error_8253","error_8254","error_8255","error_8256","error_8257","error_8258","error_8259","error_8260","error_8261","error_8262","error_8263","error_8264","error_8265","error_8266","error_8267","error_8268","error_8269","error_8270","error_8271","error_8272","error_8273","error_8274","error_8275","error_8276","error_8277","error_8278","error_8279","error_8280","error_8281","error_8282","error_8283","error_8284","error_8285","error_8286","error_8287","error_8288","error_8289","error_8290","error_8291","error_8292","error_8293","error_8294","error_8295","error_8296","error_8297","error_8298","error_8299","error_8300","error_8301","error_8302","error_8303","error_8304","error_8305","error_8306","error_8307","error_8308","error_8309","error_8310","error_8311","error_8312","error_8313","error_8314","error_8315","error_8316","error_8317","error_8318","error_8319","error_8320","error_8321","error_8322","error_8323","error_8324","error_8325","error_8326","error_8327","error_8328","error_8329","error_8330","error_8331","error_8332","error_8333","error_8334","error_8335","error_8336","error_8337","error_8338","error_8339","error_8340","error_8341","error_8342","error_8343","error_8344","error_8345","error_8346","error_8347","error_8348","error_8349","error_8350","error_8351","error_8352","error_8353","error_8354","error_8355","error_8356","error_8357","error_8358","error_8359","error_8360","error_8361","error_8362","error_8363","error_8364","error_8365","error_8366","error_8367","error_8368","error_8369","error_8370","error_8371","error_8372","error_8373","error_8374","error_8375","error_8376","error_8377","error_8378","error_8379","error_8380","error_8381","error_8382","error_8383","error_8384","error_8385","error_8386","error_8387","error_8388","error_8389","error_8390","error_8391","error_8392","error_8393","error_8394","error_8395","error_8396","error_8397","error_8398","error_8399","error_8400","error_8401","error_8402","error_8403","error_8404","error_8405","error_8406","error_8407","error_8408","error_8409","error_8410","error_8411","error_8412","error_8413","error_8414","error_8415","error_8416","error_8417","error_8418","error_8419","error_8420","error_8421","error_8422","error_8423","error_8424","error_8425","error_8426","error_8427","error_8428","error_8429","error_8430","error_8431","error_8432","error_8433","error_8434","error_8435","error_8436","error_8437","error_8438","error_8439","error_8440","error_8441","error_8442","error_8443","error_8444","error_8445","error_8446","error_8447","error_8448","error_8449","error_8450","error_8451","error_8452","error_8453","error_8454","error_8455","error_8456","error_8457","error_8458","error_8459","error_8460","error_8461","error_8462","error_8463","error_8464","error_8465","error_8466","error_8467","error_8468","error_8469","error_8470","error_8471","error_8472","error_8473","error_8474","error_8475","error_8476","error_8477","error_8478","error_8479","error_8480","error_8481","error_8482","error_8483","error_8484","error_8485","error_8486","error_8487","error_8488","error_8489","error_8490","error_8491","error_8492","error_8493","error_8494","error_8495","error_8496","error_8497","error_8498","error_8499","error_8500","error_8501","error_8502","error_8503","error_8504","error_8505","error_8506","error_8507","error_8508","error_8509","error_8510","error_8511","error_8512","error_8513","error_8514","error_8515","error_8516","error_8517","error_8518","error_8519","error_8520","error_8521","error_8522","error_8523","error_8524","error_8525","error_8526","error_8527","error_8528","error_8529","error_8530","error_8531","error_8532","error_8533","error_8534","error_8535","error_8536","error_8537","error_8538","error_8539","error_8540","error_8541","error_8542","error_8543","error_8544","error_8545","error_8546","error_8547","error_8548","error_8549","error_8550","error_8551","error_8552","error_8553","error_8554","error_8555","error_8556","error_8557","error_8558","error_8559","error_8560","error_8561","error_8562","error_8563","error_8564","error_8565","error_8566","error_8567","error_8568","error_8569","error_8570","error_8571","error_8572","error_8573","error_8574","error_8575","error_8576","error_8577","error_8578","error_8579","error_8580","error_8581","error_8582","error_8583","error_8584","error_8585","error_8586","error_8587","error_8588","error_8589","error_8590","error_8591","error_8592","error_8593","error_8594","error_8595","error_8596","error_8597","error_8598","error_8599","error_8600","error_8601","error_8602","error_8603","error_8604","error_8605","error_8606","error_8607","error_8608","error_8609","error_8610","error_8611","error_8612","error_8613","error_8614","error_8615","error_8616","error_8617","error_8618","error_8619","error_8620","error_8621","error_8622","error_8623","error_8624","error_8625","error_8626","error_8627","error_8628","error_8629","error_8630","error_8631","error_8632","error_8633","error_8634","error_8635","error_8636","error_8637","error_8638","error_8639","error_8640","error_8641","error_8642","error_8643","error_8644","error_8645","error_8646","error_8647","error_8648","error_8649","error_8650","error_8651","error_8652","error_8653","error_8654","error_8655","error_8656","error_8657","error_8658","error_8659","error_8660","error_8661","error_8662","error_8663","error_8664","error_8665","error_8666","error_8667","error_8668","error_8669","error_8670","error_8671","error_8672","error_8673","error_8674","error_8675","error_8676","error_8677","error_8678","error_8679","error_8680","error_8681","error_8682","error_8683","error_8684","error_8685","error_8686","error_8687","error_8688","error_8689","error_8690","error_8691","error_8692","error_8693","error_8694","error_8695","error_8696","error_8697","error_8698","error_8699","error_8700","error_8701","error_8702","error_8703","error_8704","error_8705","error_8706","error_8707","error_8708","error_8709","error_8710","error_8711","error_8712","error_8713","error_8714","error_8715","error_8716","error_8717","error_8718","error_8719","error_8720","error_8721","error_8722","error_8723","error_8724","error_8725","error_8726","error_8727","error_8728","error_8729","error_8730","error_8731","error_8732","error_8733","error_8734","error_8735","error_8736","error_8737","error_8738","error_8739","error_8740","error_8741","error_8742","error_8743","error_8744","error_8745","error_8746","error_8747","error_8748","error_8749","error_8750","error_8751","error_8752","error_8753","error_8754","error_8755","error_8756","error_8757","error_8758","error_8759","error_8760","error_8761","error_8762","error_8763","error_8764","error_8765","error_8766","error_8767","error_8768","error_8769","error_8770","error_8771","error_8772","error_8773","error_8774","error_8775","error_8776","error_8777","error_8778","error_8779","error_8780","error_8781","error_8782","error_8783","error_8784","error_8785","error_8786","error_8787","error_8788","error_8789","error_8790","error_8791","error_8792","error_8793","error_8794","error_8795","error_8796","error_8797","error_8798","error_8799","error_8800","error_8801","error_8802","error_8803","error_8804","error_8805","error_8806","error_8807","error_8808","error_8809","error_8810","error_8811","error_8812","error_8813","error_8814","error_8815","error_8816","error_8817","error_8818","error_8819","error_8820","error_8821","error_8822","error_8823","error_8824","error_8825","error_8826","error_8827","error_8828","error_8829","error_8830","error_8831","error_8832","error_8833","error_8834","error_8835","error_8836","error_8837","error_8838","error_8839","error_8840","error_8841","error_8842","error_8843","error_8844","error_8845","error_8846","error_8847","error_8848","error_8849","error_8850","error_8851","error_8852","error_8853","error_8854","error_8855","error_8856","error_8857","error_8858","error_8859","error_8860","error_8861","error_8862","error_8863","error_8864","error_8865","error_8866","error_8867","error_8868","error_8869","error_8870","error_8871","error_8872","error_8873","error_8874","error_8875","error_8876","error_8877","error_8878","error_8879","error_8880","error_8881","error_8882","error_8883","error_8884","error_8885","error_8886","error_8887","error_8888","error_8889","error_8890","error_8891","error_8892","error_8893","error_8894","error_8895","error_8896","error_8897","error_8898","error_8899","error_8900","error_8901","error_8902","error_8903","error_8904","error_8905","error_8906","error_8907","error_8908","error_8909","error_8910","error_8911","error_8912","error_8913","error_8914","error_8915","error_8916","error_8917","error_8918","error_8919","error_8920","error_8921","error_8922","error_8923","error_8924","error_8925","error_8926","error_8927","error_8928","error_8929","error_8930","error_8931","error_8932","error_8933","error_8934","error_8935","error_8936","error_8937","error_8938","error_8939","error_8940","error_8941","error_8942","error_8943","error_8944","error_8945","error_8946","error_8947","error_8948","error_8949","error_8950","error_8951","error_8952","error_8953","error_8954","error_8955","error_8956","error_8957","error_8958","error_8959","error_8960","error_8961","error_8962","error_8963","error_8964","error_8965","error_8966","error_8967","error_8968","error_8969","error_8970","error_8971","error_8972","error_8973","error_8974","error_8975","error_8976","error_8977","error_8978","error_8979","error_8980","error_8981","error_8982","error_8983","error_8984","error_8985","error_8986","error_8987","error_8988","error_8989","error_8990","error_8991","error_8992","error_8993","error_8994","error_8995","error_8996","error_8997","error_8998","error_8999","error_9000","error_9001"
"true","generative",NA,"JC69","strict","yule",0.0317567100225378,0.0451973928911415,0.0280812231521785,0.0410165576452777,0.0265711811059779,0.0257272115576482,0.0221795046124679,0.0137080987976299,0.0333105879961871,0.0287833181321243,0.0182657778057325,0.0349296531062777,0.0556063738858791,0.0297726944500287,0.0280928601280214,0.0500649842407074,0.036940414473214,0.0300505172200462,0.0457204053104032,0.0320853459773331,0.0503085733424924,0.0231019193835911,0.0198901963662874,0.048108139079495,0.0309125046018811,0.0304637033044945,0.0667269708250017,0.0168969367841413,0.0372053646056414,0.0374428758284111,0.0196651963357158,0.0622759986124054,0.0104698306034462,0.0252756223185132,0.0477531495619057,0.0231172755016182,0.0224107475007902,0.0320380168747483,0.0170857149376162,0.0356021050905443,0.0360128941426829,0.0651823160508856,0.0317861710855257,0.0391835006587841,0.0217618305538771,0.0323350201672986,0.0130780135856325,0.0309876384179523,0.0294439544440016,0.0414560158948446,0.0211253602233683,0.016797978174834,0.0434161808619812,0.0240044950659904,0.0310452974906273,0.0150792283841515,0.0361900534293841,0.0252667320261,0.0218289595742268,0.0528878656981674,0.0324565838542982,0.0390423279157314,0.0600596469761949,0.0621870469392594,0.0526212806267685,0.0277040561111306,0.0551366670578094,0.0409481840153503,0.0410907234996016,0.0322946349131889,0.0254122983096199,0.0331442702968475,0.0819769732892805,0.0269807126102239,0.0265778968206397,0.0816887744986984,0.0336830708250759,0.0315826164417906,0.0304840483977082,0.0368079365249709,0.0490174848492767,0.0235269073743794,0.031974807520274,0.0173393407523663,0.022953924636885,0.0539265210665668,0.0138619881731061,0.0120867739954324,0.0322149354224855,0.0352449501392252,0.0331065870968342,0.0253283564273175,0.0215228565962623,0.0550436865734842,0.0132269420358541,0.0159437524372063,0.0534895887109723,0.0439289551684199,0.029879054351099,0.0168459169049482,0.0226949492723573,0.060396728030074,0.0442884092192484,0.0305794639518703,0.0319407481143477,0.0391600071525618,0.0292773933706604,0.0236836129480082,0.0264360919319405,0.0273328114908642,0.0103700826389833,0.0230875384343463,0.0495569224081254,0.0324843023736072,0.0281966585857346,0.0306488433102638,0.016514911137867,0.0294721845462035,0.114705568446509,0.015986825092806,0.0327790148048465,0.0629909313085456,0.0299779887949468,0.0219757938967055,0.0430372674093068,0.0341789892004953,0.05558176276016,0.0165146495990315,0.0387533787539029,0.023995991390815,0.0526689865673542,0.058237212576092,0.0268942420301809,0.057370102936464,0.0318393030377278,0.0413992846894247,0.0233341496729665,0.023483289633625,0.0357139893185009,0.0208007695178648,0.0157352065080329,0.0487148431275372,0.0792608719523908,0.0389593832015191,0.0444675678575194,0.0235049752918356,0.0415352393201562,0.0227827779579419,0.0262378254056519,0.050938643599192,0.0145095465939206,0.0457464235310851,0.023106247952065,0.0306040576955121,0.0151924258752727,0.0495978325781172,0.0208139804268276,0.0367920889819551,0.0322343319076226,0.0281433753076829,0.0385501219826982,0.052085445090187,0.0272984598735482,0.0142793284724811,0.0255793279418808,0.0472250767025697,0.0409324936391686,0.0509187094754998,0.0267304972382439,0.0318711978903677,0.0453844852349224,0.0232211216736236,0.023753080989231,0.0267562374084035,0.0402333209590379,0.0378544012070368,0.0233144635692649,0.0261007222868197,0.0344668803614651,0.0209424071613061,0.0624793397772549,0.0316692353417506,0.0242229978344233,0.0111690068064677,0.0204077009237402,0.0209750675246834,0.0294563997666623,0.0335027092552626,0.0329838769760553,0.0447054269187686,0.0492651758386413,0.0212527396507795,0.0538367556788017,0.0208122936257572,0.0315658417955398,0.0329949641559392,0.0455694316460065,0.0299237765251783,0.0121900755032307,0.0241904322299446,0.0426230988852686,0.0538982289814773,0.028818208369502,0.0332465729813431,0.0178879432051693,0.0372889089560977,0.0227841551854546,0.0560774210227971,0.0348999464617211,0.0186138500554457,0.0345127551121301,0.0159155247391867,0.0446460827424187,0.0176007386498134,0.048010068783324,0.03031251022492,0.0347036702557697,0.0309616519975298,0.0489508018153401,0.0322135163417574,0.0332520312819762,0.0201804326222374,0.0368254236846033,0.0176623177149805,0.0389298770461076,0.0286026488046825,0.0367462854523349,0.0328921587222618,0.0470344795156976,0.0278458357996419,0.0224979069976661,0.0202256520405629,0.041628498189856,0.0386420778784182,0.0369146961436094,0.0236184562870726,0.0567199348288253,0.0398201165328121,0.0271311235420251,0.0199574431031415,0.0389069902586625,0.046945663856018,0.028573043401736,0.0256606891034182,0.0296789805996285,0.0380540684142389,0.0383658285686387,0.030762748411998,0.0545348468038931,0.0363338735920208,0.023529592187251,0.0426302640028607,0.0675519301994102,0.0140025343919516,0.0298398632506025,0.0272045765736529,0.0271683622019403,0.0143427901408337,0.0447920998729736,0.0333684615025008,0.0192766407639821,0.0343310554152149,0.0269445127623195,0.0303323399461758,0.0215091740882214,0.0266997839718074,0.0286722239281768,0.0294182453827752,0.0413943932077114,0.0321139840773881,0.0247968528687028,0.0443150015632937,0.0284875173473294,0.0344531416505482,0.0292046330818123,0.029324629443801,0.0175813575171274,0.0199595061485925,0.0497463517555082,0.0445806180513407,0.0277852288486308,0.0432838055477808,0.0540550055476992,0.0249102389822624,0.0539957105697712,0.0344367837570188,0.0278504585071901,0.0361771209398546,0.0266529104088325,0.0549463246899329,0.0145588882915497,0.0551972478248354,0.0304850396089612,0.0251128795878721,0.0430198262300893,0.0154592754676949,0.0448835437204335,0.0333561856686382,0.0254905260756892,0.0286002472184215,0.0178999033136162,0.0436134374171935,0.046541767832491,0.0414982733580037,0.0462219874196917,0.0494643176953574,0.0787580856723953,0.0273669260217744,0.0337039931257886,0.112108469459579,0.0388121547304276,0.0469663534651152,0.0167281623060673,0.0142726335705976,0.0542277092350255,0.0345996483489023,0.0312170790364747,0.0454507982991477,0.0395707189055753,0.0345253625879985,0.0400220937081589,0.0811859622472742,0.0248129038995253,0.0370302274161395,0.0371757009399513,0.0232521406398022,0.0285596912220069,0.0352658936448884,0.023703404700349,0.021612752618468,0.0565840650146441,0.0397367721382608,0.0381713615529194,0.019950795110275,0.0253448256118592,0.0378950074015579,0.0427867423328669,0.0399552626383896,0.0363966331145265,0.0253827491993673,0.0281073412591052,0.0567766832263368,0.0396311170352402,0.0266644856637727,0.0206556671140655,0.0121600806832532,0.0330845418247272,0.0459687051557725,0.0285053277425851,0.0588968528084796,0.0316302935675562,0.0245177810404565,0.0324892484287312,0.02930703769115,0.0229615434242374,0.0226490090612948,0.0308689075870492,0.0337780285370072,0.028535410400996,0.0304044112306319,0.012950936721035,0.0130270719320816,0.0316270992645032,0.0309751965657028,0.0762021387748904,0.0263361116108108,0.0494635631918191,0.0308779625823194,0.0320639381206787,0.0397591413705267,0.0274814844401021,0.0382900449048553,0.037485834098184,0.0363465665327276,0.0338625771410234,0.0555013228404333,0.0257893660018141,0.0266351656982805,0.0248570127911495,0.0269546217360075,0.0262565058319108,0.0221375271866814,0.0268481102763186,0.0481091648800798,0.0335491910487018,0.0262996445451639,0.0298730562074869,0.0051719966214,0.0467137676223689,0.0174275527881393,0.0231949067378238,0.0308667635188315,0.0345544313138282,0.0540682890858383,0.0586445846442245,0.0294085095779918,0.0321216584270228,0.0229406038027713,0.0358213968243382,0.011284992823605,0.0272071070336573,0.0451796172298898,0.0349043597521628,0.0104226324602084,0.0391652754573979,0.0234422808695358,0.048147365698588,0.0418336639824822,0.0250348679945681,0.0404048614712381,0.0361301958063012,0.0225151432956979,0.0240724046325813,0.0611937074009062,0.0341664778362456,0.0232748821475278,0.0211731393323649,0.0203900749078587,0.035623647655799,0.0228980393043986,0.0237898835809965,0.016122298954742,0.03180702236953,0.0190030235827241,0.0112612354213499,0.0377505736184198,0.0275129630426652,0.0204871570184189,0.0416270123359772,0.0616979749729423,0.0336336332769894,0.0364670671093542,0.0460300322730858,0.0355215708967734,0.0426137653807639,0.103527589922485,0.0260891535629605,0.0396596377630607,0.038491762321367,0.0288316590761354,0.0430357152571433,0.0370435193449365,0.020999225836743,0.0388972662776914,0.0405543511667158,0.0132146499932704,0.0207994059649216,0.0246429102520604,0.037713707979395,0.0396390707719672,0.045193161841193,0.0367868931469375,0.0169538231645859,0.038491908927554,0.0579632309360347,0.0221393598910259,0.0461941407195908,0.0420451224920079,0.0268638375781987,0.0380088509027875,0.0230469673360899,0.043653823533583,0.0387294001222552,0.0334682588832401,0.0435043793053516,0.0356123914898147,0.0471844990705306,0.0389732019782277,0.0729732981791761,0.0241751338952647,0.0233570292078643,0.0322831071386536,0.0204430874413174,0.0208704656996995,0.0372492282499025,0.0236022520703752,0.0158559486010344,0.0326537792343671,0.0532963861031304,0.00554556193724332,0.0250465093586834,0.028876133339555,0.0107960315022792,0.0323262607468267,0.0234834757899504,0.0565413870306052,0.0177603894262485,0.0263226046962471,0.0735952076252551,0.0503081589610867,0.0213439891124652,0.0186654635036586,0.0270410842390267,0.0411928533639595,0.0138000219917667,0.0327527410551053,0.0262139482731528,0.025049519887933,0.0282843927612601,0.0368557917452134,0.0303398427635466,0.024975039683903,0.0162835274383383,0.0657677409041237,0.0338538664884007,0.0501726862790589,0.0176797104105334,0.0181001648466039,0.0206651849163589,0.0157338522286736,0.04773016164225,0.0207687247150279,0.0154358929967465,0.0287996418349503,0.0530886498537935,0.0148047745762786,0.0238577324805424,0.048700172654855,0.0330177438923423,0.0489327523487877,0.0279930034749256,0.0431816233053927,0.0198272495942843,0.0171796574712532,0.0164811652959629,0.0489986975874076,0.0402121801690846,0.0787065956768063,0.0380875320358277,0.0263297980156973,0.048569392761486,0.0593348557682685,0.0236998433193762,0.0649495969237577,0.106631271744905,0.0544904938248657,0.0173358926242708,0.0371083608365304,0.0307039127221348,0.0239248411905346,0.0617025801618485,0.0474131096402828,0.0268319591444435,0.0508125687023568,0.0380647402161004,0.031068972724982,0.0355065005062863,0.0574540796108008,0.0727111869833328,0.0268433912007404,0.0238418060872529,0.0170319443492453,0.038521027414658,0.0232416658636364,0.0362409618592876,0.0309643686470222,0.0338862592590922,0.0349068243499739,0.0281104781266191,0.0196461372086712,0.0400719768911215,0.0234012421260662,0.0072150586896718,0.0115308873162104,0.0296493353694354,0.0358194244719619,0.0431864525846295,0.0306622692448717,0.0174679814076109,0.0122645216552481,0.0497735189791227,0.0173877125561621,0.045274177663391,0.0728972282069308,0.024970759994802,0.0591886512677893,0.0294395946945893,0.0534645438932858,0.051601410155725,0.0452262079189112,0.043585085251538,0.0371247531949545,0.0270524050370158,0.0489329306142261,0.0306915950008699,0.0185889953983233,0.0591707156006977,0.0514604756688508,0.0192556897195672,0.0243429630154749,0.0318306645916425,0.061291278472352,0.0233308170989517,0.0215180754572218,0.0200269632291947,0.0440994367010981,0.042818597220642,0.037217033098261,0.0245030319171166,0.0350140863500754,0.03745440698794,0.0402460173537232,0.0581969652911688,0.0363909375316092,0.0522991362220971,0.0289115999562491,0.0621768281502484,0.0509719263939869,0.0412990191263951,0.0267959680743391,0.0593489281968053,0.022734706316076,0.024351211778034,0.039415764419556,0.040258313656274,0.0348635977768372,0.0544926110360666,0.0302627971555443,0.0664861948600998,0.053969778622566,0.0386809442479687,0.0730845016840897,0.0414981125518837,0.0373827396482082,0.0252952142390263,0.04685520881392,0.0327149061461232,0.0268752685150093,0.0210958453852114,0.079831786011683,0.0351042690294616,0.021956045507614,0.0262266381379772,0.0300902809647992,0.0438431458034711,0.0298482520544346,0.048725408107657,0.0238124600346851,0.0345624578357576,0.0367296304918571,0.0250906500222826,0.0204357086145332,0.0236758288680339,0.0327152428419317,0.0359230641390646,0.0327474020390874,0.0204021252446229,0.0177188174239025,0.0242123765448376,0.034198864313178,0.0257985730752548,0.0333082180150392,0.0323117485149824,0.0150431427804601,0.0556107131368336,0.0136523431477718,0.053168298190019,0.0307956762794352,0.020458858464809,0.0331419383287047,0.0262000066922554,0.0518512502481079,0.0291324526036755,0.0186053908273986,0.0453423503144881,0.0259843720134624,0.0396272541559553,0.0273488029136503,0.0307636194501501,0.0210304472094513,0.0549170780241538,0.00653007502070467,0.0103499162468384,0.017769226772139,0.0486218630801521,0.0418192892311429,0.0408760033541354,0.053209753344408,0.0406605217376588,0.0406710262413049,0.0235172438638269,0.0638873470886297,0.0422303214505793,0.0201109388346403,0.0639913763810222,0.0319909933688445,0.0448315547484438,0.0430012646046637,0.0327424874386704,0.0447060842999185,0.0393649213287693,0.0185500696751455,0.0344302383170589,0.0418223364331958,0.0302952696754012,0.0368707716995546,0.0487048968021047,0.0374548902695652,0.0191101533213702,0.0166865793874953,0.0249260600747989,0.0602381761269564,0.0266742115644411,0.0416653111053155,0.0492823657689215,0.0431029559321471,0.0244132044412217,0.032485105214755,0.0410937172028377,0.0186721574830974,0.0209786619935585,0.0305721922984538,0.0261023473092985,0.0234220727989003,0.0284335312965184,0.0380255530973533,0.0218269486132375,0.0497398664433739,0.0165842846231187,0.0106248641381103,0.0611669671777506,0.0537717617272789,0.0272564126820337,0.0530936996379333,0.0331816923909286,0.0203208359557227,0.0135966967521315,0.00821173932842421,0.00632052791634382,0.0352592841362282,0.0237682449765673,0.0404667596167436,0.0335390458936292,0.0270097720661066,0.0251161126274322,0.0328153285241986,0.0223558103562392,0.0160531014680007,0.022954690065413,0.0399184721537186,0.0343736064168512,0.013982713069567,0.0170578884056611,0.0255947216691754,0.0104530989968118,0.0241848984147328,0.0430280997553874,0.0556666900757482,0.0412213918808521,0.0257045817200106,0.0498870162452307,0.0509424334374229,0.0396209209777734,0.0291157774207672,0.0360506488260433,0.0485697698839423,0.030926613392655,0.0253300652008178,0.023658649854505,0.0449446217930425,0.0294796862169787,0.0436461901195665,0.0130767026696505,0.0581714775671193,0.0293860472123388,0.0349344637118718,0.0321144689359937,0.0266926361287919,0.0276251378467142,0.0183699440671545,0.0340508825292726,0.0218390808228103,0.00480956972573808,0.0529817800356317,0.0162553784977435,0.00938787303060131,0.0281975074166299,0.037021947215283,0.0496790525360306,0.0442704511199209,0.0250739138753262,0.0279774946942478,0.044751657602832,0.0118563726034912,0.0510034492598724,0.0439168971650239,0.0292132900777326,0.0405228446594366,0.0252732652490553,0.0436936373363473,0.0352835442497608,0.0282449299418935,0.0336424461951809,0.0432761443237947,0.0319562148364977,0.0262005760002634,0.0308737496709546,0.0252392898053597,0.0411799546440228,0.0313518010384959,0.0532201863209535,0.0332099614426887,0.0252501318933099,0.0234666281434827,0.0109123826885046,0.0307640728865651,0.0290066975761679,0.0558573332391538,0.0218710650645981,0.0503365189545753,0.0271660563110302,0.0219206642811527,0.0289899624392711,0.0385664652300112,0.0341889662607586,0.0365607236352779,0.0333216104300125,0.0644590278393952,0.0399954734926773,0.0514144356893999,0.0315110822636222,0.0451201651707283,0.051093998008543,0.0252642474977187,0.0119387754706776,0.0271180385816128,0.0186844205434257,0.0271422560985684,0.0126472232540624,0.0230224722709388,0.0395248087384701,0.03495724245243,0.0359774318035948,0.0447346967341529,0.0180408005393228,0.0350399496358607,0.0483151099993702,0.0194487461612642,0.0238751430769417,0.0373983864847476,0.0285161590951163,0.0414689603786465,0.0453948035962812,0.069427623929658,0.0256409365204746,0.0216506250331725,0.0554082496332617,0.0194848878773029,0.0600912141405186,0.0483111102008467,0.036488097807634,0.0478568766100894,0.042324442401976,0.0252049505472704,0.0512990862026577,0.0186965736409227,0.0204502573595767,0.0326665441785742,0.0456449749787348,0.042233975618144,0.0186745545482091,0.020013774223583,0.0455414903640419,0.0195013062677572,0.0360990465609919,0.020122986563415,0.0503520673864429,0.0220102471563717,0.0221697127949355,0.0332789889509688,0.0196269757377354,0.0252651732547282,0.0361357737625527,0.0200670100786,0.0452270785334835,0.0226788715692242,0.0561953981244033,0.0593473100207561,0.0381049975178411,0.0331929847542116,0.0317730797849765,0.0456836488693387,0.0177453817385873,0.0288781202560029,0.067644398123225,0.0443961250207893,0.0406950047589769,0.0381845972114757,0.0436376619260928,0.0254263211188824,0.01244658960612,0.0284876980294607,0.0238060673243583,0.0213868292967822,0.0530242089549988,0.0276529884943608,0.0330471317264089,0.0371462521331702,0.0180314932423252,0.0254083273531738,0.0340938584948717,0.0216649975979565,0.0410818518023724,0.026477009678894,0.0140173862072238,0.0176339755224205,0.0252652709182061,0.0448873489141234,0.0192249153713169,0.0529362990464569,0.0635761983195169,0.043246969783619,0.0188312047131059,0.0401765887775744,0.0545336426912013,0.026701743211849,0.0254918137427746,0.0416541756635967,0.0450485507564629,0.00873984156902098,0.0570977244396589,0.0281340828614318,0.058998403494351,0.0314735960480934,0.015729824163017,0.0342306578615026,0.0482964449113433,0.0186490027845794,0.0506860627635617,0.0115379596137327,0.0226475780333367,0.0262201501099694,0.051514927095315,0.0476512539358544,0.0234025114131635,0.0177414422184631,0.0433968313041575,0.0403648605012911,0.0527036981912243,0.0406496807361323,0.0251346087055803,0.0219535550679504,0.0161479281508171,0.0142742982343471,0.0485627567731633,0.0311959632555814,0.0264488875435014,0.0345524852856836,0.0384811155705375,0.0221626390116778,0.0582147298131256,0.0842594102440211,0.0284522995579866,0.0494876806718344,0.0273497221815213,0.0131575756013324,0.0350637384820304,0.0348238380589967,0.0354211710135385,0.0224023363770402,0.0361902896198771,0.0437373708074436,0.044051235915713,0.0176254119768824,0.0179770833170073,0.0660680378610644,0.0485068527417531,0.00903936562915993,0.0280808951021139,0.0170884572533635,0.0357084689806915,0.0273811602617425,0.0580141015657827,0.0617081295587562,0.0284316091413825,0.0379932670093904,0.0244792945739702,0.0503108161620562,0.0437943363784259,0.0296188298915363,0.0408339628634692,0.0553698471184169,0.0222910836263381,0.0293037012549746,0.0153023455058914,0.0230613393083781,0.0294616425496453,0.0145240699417815,0.0323858375211268,0.0343905375068526,0.039565936586956,0.0285243789103642,0.042317736800136,0.0493864193025681,0.0510627611561458,0.0330206805682864,0.0194463017708294,0.0324313012254742,0.0295346677566482,0.0390733386546164,0.0165958353328062,0.014939303782791,0.0187765815326229,0.0227460688506665,0.0415684602236854,0.046803708741573,0.0448828938840993,0.0231348998748683,0.0151924771587896,0.0306157465491723,0.0407253376662032,0.0550328231527817,0.0991384624924458,0.0385261406472001,0.0282696781913322,0.0428853478403246,0.0372949094589805,0.034511631355901,0.0307898139003042,0.0279344196238083,0.0312452383761362,0.0522186658887285,0.0371074723030351,0.0260483574223717,0.0276144081922855,0.0105444357780183,0.0218185419254767,0.0325905098632181,0.0567124903201672,0.0554340161137286,0.0308260478154767,0.0535907926740673,0.018440078903312,0.0154871182168421,0.0316922807815704,0.0206567397935734,0.0490297231668286,0.0413361807795624,0.041851404961142,0.0365409421865025,0.0370441697198734,0.0197329055461594,0.026368419386221,0.0421033104962356,0.0335921010652572,0.0226992236797613,0.0354834234417117,0.0307450273208815,0.028971351531611,0.0362149691923582,0.0168117604279968,0.0212958002660857,0.0281094633534845,0.0467417747078249,0.0264127701325686,0.0517498805041854,0.0177901522989174,0.0219597037319616,0.0295650433960621,0.0582063642702098,0.0258414145334019,0.0424921815091381,0.0240805946339412,0.0420134639600748,0.0165904204450749,0.0224397954449975,0.0308822826482268,0.0342207647321554,0.0348064873287096,0.0438374514839676,0.0797905506401353,0.0299744681248685,0.0503809610447883,0.0467877655473621,0.0227013688106568,0.0396795967776857,0.0731666058049216,0.024291480536998,0.0143219937080934,0.0316299096817832,0.0306261271250119,0.0169631181664484,0.0232298880808181,0.0374215406387167,0.051251620622047,0.0169472611527366,0.0270027221506102,0.0274839729083517,0.00918387611186428,0.0197806851189329,0.0183583370407918,0.01933531808745,0.0356711352433747,0.00856903531104295,0.0262804722429332,0.0144889499026602,0.031264047834015,0.02261673737837,0.0306696545584978,0.0472330418156205,0.0454011339394809,0.0238057614419194,0.0406929422875393,0.0273835974209499,0.0199417527488262,0.0661572585199735,0.0489166041076822,0.0338064731635225,0.0469702473150642,0.0498255830313209,0.0125381735356374,0.0204981464744115,0.0721388999395578,0.0495406317221087,0.0249421444508729,0.0339565553548022,0.0765755595601215,0.0112132678539085,0.0237794284696429,0.0565194098924656,0.0394613490868323,0.0265455594040175,0.0316561839918806,0.0382937696717661,0.0374732300824674,0.0287164528870922,0.0469752451229521,0.0308633776787213,0.0332739870111521,0.0220873460512734,0.0319067882949104,0.0412532913505957,0.0357519159534953,0.0438387714535669,0.022810750501603,0.0339456047522356,0.0307473792742001,0.0202148379594872,0.0408191888417923,0.0454988892054784,0.0202714626274715,0.0236005225577349,0.0387998038451701,0.0207582746260867,0.0279891444387778,0.0484925312537869,0.0198499082014312,0.0429889216325163,0.0574033900125718,0.0212381238641715,0.0193087046367419,0.0261462219324589,0.0514025895724034,0.034372708980691,0.0244648950049393,0.0336148106215085,0.029549326652624,0.0257635146505121,0.0262001750076896,0.0258738539437908,0.0384518469868269,0.0303677263520338,0.0301299606980401,0.0252219374257224,0.0389808158067394,0.0453331196781072,0.0434327513369766,0.0324306200876664,0.0134451624893383,0.069285262744096,0.037305445966435,0.0189801963136021,0.024179200266823,0.035481854740715,0.0569979563268448,0.0282039638534334,0.0267337641345881,0.0209955085399246,0.0427203991442623,0.0172353369125663,0.0499343477183809,0.0139588895972589,0.0466393194969171,0.0351487628985968,0.0278826511429442,0.015294820318844,0.0272439829432004,0.0226239762624434,0.0171547019128423,0.0210686602616847,0.0445943399806805,0.0329754117322546,0.0245557601538143,0.0191308202796624,0.0164175978338289,0.0519587347767633,0.0216844102485183,0.0259887982567057,0.0218990027664518,0.0218899294284802,0.0243191289604267,0.0152791443759828,0.0430492465830561,0.0152785403630833,0.0372726261466859,0.0465637066719607,0.0352321123859516,0.0510750987314528,0.0354990024587436,0.0171280065899547,0.0458580330260282,0.0283414282185449,0.0556070290572319,0.043206342981364,0.0554205803577194,0.0676920726253226,0.0232723858281215,0.0160970606662891,0.0428040916109332,0.0242321721143658,0.0235635105152305,0.0468533568401911,0.0348829162151011,0.0411992674802585,0.048796514199361,0.0428784736225253,0.0421994358624559,0.034131683548725,0.041186490297163,0.0345237660702505,0.03117230225697,0.0165556657570991,0.0335402582606715,0.0499478167430832,0.0274038462404552,0.0209942094655651,0.0204321484094096,0.039675136265586,0.0269209134639637,0.0545506847912614,0.0384428960853554,0.0137681877569581,0.0265509357184806,0.0356793643346222,0.0257370304679042,0.0356165384212601,0.0521864792222395,0.0338135264794426,0.0331423048064824,0.0234931225949818,0.0291331096835031,0.0247866283263636,0.0277733290068779,0.0372056454319222,0.0370146264141753,0.0437154367985299,0.0197285727143109,0.0152798352572908,0.0218125406191499,0.0405674813718661,0.0531961928944372,0.0179290285065139,0.0170124937421058,0.0433095901603165,0.0247121064375484,0.0131029545662528,0.0305831976964116,0.0273633212095886,0.0337973897455627,0.0312990064459798,0.0605303245283258,0.0413169986515299,0.0723660491103014,0.0448966039850943,0.0234080623031215,0.024108663939576,0.0135546537769794,0.0338430492269053,0.0352787165161224,0.0389627237135088,0.038893397445702,0.0307845842260361,0.0269029430238339,0.0370099731810971,0.0376829365727244,0.0369692301678966,0.0129918679238898,0.0201620731142482,0.0296835241900316,0.0425243788000589,0.0416821682671291,0.0264384808235943,0.030401914729513,0.0301652848593606,0.0261615680740696,0.0468671720326539,0.0402575386845895,0.0172700047989799,0.021624764052698,0.026284605374783,0.029266311454455,0.00917425514602692,0.0315810204506802,0.0467280529408621,0.0367368826473201,0.0292388285580654,0.0205682946260901,0.0517381579292189,0.016974373136071,0.0322117722769951,0.0601383443147973,0.0342312483963062,0.0188064650509734,0.03074964968068,0.027255963724634,0.0185597844751099,0.040876814147585,0.0111873310971835,0.0199775900388866,0.0172172718358414,0.0359854424683939,0.0269190817862403,0.0497274082176327,0.0100546168854707,0.0483919090148542,0.0228929440243388,0.042836330638835,0.0440432351081054,0.051230644044144,0.0397889993089054,0.0842621803847808,0.0306335091739489,0.044202461721341,0.0207505638218319,0.0373801321805328,0.0312122686679166,0.0215043235107061,0.0601030903489525,0.0161792652413805,0.0266477020604366,0.0106980462843254,0.0375786453682516,0.0856824015210425,0.0636964682739827,0.0229700546071792,0.0176047639517001,0.0339966451769999,0.0304761989034425,0.022994926831401,0.0326408268331504,0.0423000005352713,0.0290917080552694,0.048106662416922,0.0125533538641244,0.0494461936379828,0.0161273013659284,0.0376851954148984,0.0181777163907495,0.0634416875691985,0.0248270421682353,0.017070922124275,0.0311721244190098,0.0182293251884782,0.0302813586175304,0.0246646130697067,0.0219074070166746,0.0241490453889671,0.0325452336922317,0.0355547703974669,0.0158671046192503,0.0459097870891077,0.0682781225449514,0.0373024339300172,0.0449937130352425,0.0234828431286687,0.0286104605324145,0.0295220920595336,0.0207251647141172,0.0176887399627277,0.0546110702981779,0.0392401465440935,0.0678655538528251,0.0333674600322904,0.0321434627338496,0.0261828130442031,0.0388834590801828,0.037473170084202,0.0210388093924132,0.0521334737494894,0.0184963369097118,0.0329959076728885,0.0301249167694895,0.0366813038201764,0.0377210329685446,0.0634879159483997,0.0626882797102663,0.0219715474971572,0.0266354935882601,0.0419410720840744,0.0202745510874795,0.0375719054004813,0.0346645200542375,0.0188121846074474,0.0368592091917914,0.0184688338087127,0.0533896039188193,0.0313733341469101,0.0279304776249562,0.0241422511257988,0.0394497673841864,0.0318584176777235,0.027412409555492,0.0280121831683828,0.0167820336753562,0.0320597813119263,0.00893255070217336,0.0246412626224689,0.00840282217795287,0.0109057525722943,0.0371659118712834,0.0336286713335401,0.0271809739308306,0.0276493755619908,0.0399392932373981,0.0435772404686588,0.0296697077297616,0.0313154626182903,0.024097005526576,0.0422979600557353,0.0238211514037184,0.0322605416563923,0.0192066657612242,0.0388887724888337,0.0332858103503684,0.0329612749528118,0.0266173028722004,0.0254364939695121,0.0176649353816407,0.0550822642589478,0.0324339310752205,0.0508654624478264,0.033671419766322,0.0420949119506472,0.026870424778626,0.0320037243475622,0.0336157789801803,0.0578411364237592,0.0724959221409898,0.0287781753511982,0.0214651869677223,0.0349287805152835,0.0258290356898366,0.0186418658433905,0.0268207299323135,0.0144097470516773,0.0218805026702995,0.0802489506244093,0.0376408226136598,0.0532932117483341,0.0462114735596066,0.0245893485654152,0.0424391359540094,0.0265811987097957,0.0467770715667178,0.0369803538511749,0.0290158685547915,0.0605065808918178,0.0407510687646495,0.0379645246127507,0.0287987039649217,0.0718342340467753,0.0172895143835713,0.0450423374391825,0.0157010271819202,0.0517777623526472,0.0362348238135428,0.0622787356305948,0.0204214474339739,0.0505527879880188,0.0559385290807057,0.0301252124217653,0.0173679866972576,0.0219939265828629,0.0260595504506955,0.0624719427671793,0.0374580874210616,0.0254826399914634,0.0464964163990703,0.0365127692038333,0.0353778271959695,0.04590514908538,0.0346524975450353,0.0232035949903759,0.0667776111581904,0.0214154001734708,0.0488650745076852,0.0385060735236169,0.0341715837496469,0.0221231290788106,0.0195074043157892,0.0294005378507016,0.0372101119489624,0.0301574802387852,0.0233490482233883,0.0269993821352361,0.0632736707520882,0.0165511151147617,0.0446816115406075,0.0334523065457411,0.0193548275032643,0.021815071012324,0.0264171731767801,0.0102552776029914,0.0142686392605843,0.0175732708642999,0.0554299494391043,0.0730092699753819,0.0552042394094463,0.0451893900943045,0.0290488465609512,0.0314004340660989,0.0220820518536654,0.0414111458369277,0.0331928391419441,0.0427867202901237,0.0170006478523784,0.0245964694546523,0.0513594704195411,0.0169254894315251,0.0283060727722045,0.0312228548899046,0.0285992271517742,0.0237450771828794,0.0437493709830411,0.0329188637101847,0.0538088293336763,0.031007301386345,0.0298540438129763,0.0474672832440818,0.022249169549971,0.0269803286295268,0.0146239857532778,0.0191885387167339,0.0748041441607159,0.0387159680902299,0.0408488373444934,0.0343161567358501,0.0353276075422414,0.0309144864081984,0.0641665098789251,0.023713758052018,0.0279776095989948,0.0261337586368484,0.0677177060014018,0.0334385266929586,0.0257983716533721,0.0271104355455989,0.0236693627621876,0.0116814334133908,0.0328536659136448,0.0255146948422593,0.0335635049076952,0.010855078626319,0.00868163962942164,0.0179291554920188,0.0381874179069901,0.0405654096172494,0.036766729863689,0.0175305470543227,0.0225576053383866,0.00579046583756517,0.0373414387474881,0.0456879300084311,0.0715078811749006,0.0255870788394624,0.0573003837694808,0.0221424848126073,0.0202189756477556,0.0308404647922931,0.0400428632872235,0.0214764769636705,0.0244996145352755,0.0294446225903052,0.022806235005416,0.0212992915861534,0.0157627588861768,0.0253764061904768,0.0678673891032653,0.0402146648281496,0.0844017086863086,0.0314901231912889,0.0254999284625787,0.0201531136031711,0.0456057706915034,0.029084107843237,0.031463864767371,0.0228659502381277,0.0316203182556515,0.0295858924700815,0.0325185006517456,0.0447701504721859,0.0340105384827082,0.0444218960938131,0.024417795819709,0.0194578830920593,0.0277393616961396,0.0563331874995544,0.0363077979500817,0.0385707452082125,0.0390595445383264,0.0327968967609755,0.0410848893547456,0.0315593785492029,0.0302941816431769,0.0396341554121141,0.0247469089296962,0.0225121914475251,0.0270591981621258,0.0173856138102542,0.0478462212745208,0.0166500987741181,0.0372916582713491,0.0341188552202809,0.0331669979642342,0.0357770337238026,0.0277960168360034,0.052756053067535,0.0354166447470876,0.0528050511931896,0.0284113607453239,0.0203946784192045,0.0268219482867627,0.0240881476880774,0.043887770095302,0.0442288673796757,0.0329176143090575,0.0241069572598023,0.0335756223664796,0.0244471468737934,0.0583536873156353,0.0251611805532849,0.0128246191175658,0.0210788636842134,0.0143604990104617,0.0279566830796831,0.0493020057720469,0.0313291973906102,0.0318527171367335,0.0232569791602821,0.0224727191473781,0.0260014209155426,0.0461197106119723,0.0219373120222745,0.0454145310971848,0.0283491601942754,0.0208129635798476,0.0374072777546914,0.033251528703401,0.0208588176647203,0.0548777756684185,0.0598724521363122,0.0251976291686406,0.0565103298023301,0.0371999302369503,0.0146670292582525,0.0156324497034202,0.0515460190512492,0.038778588207658,0.0543815738264954,0.0286983400534993,0.0228797243434171,0.0210674171549804,0.026677948076043,0.0488722990738592,0.0335387717710467,0.0229378562827575,0.0901004464045024,0.0203507482797916,0.0141582449780671,0.0342134669890478,0.0379458521333314,0.0284249011986294,0.0218052389826465,0.0366533772634026,0.035772990171765,0.0625704391724266,0.0502841020075526,0.0238299824775831,0.0444229785215028,0.0400772652317618,0.0415897021316287,0.0162338342478759,0.0283650043073811,0.0355486945864464,0.0148306323552945,0.0935878629718291,0.0201695196708885,0.0152365804779941,0.0399727253418681,0.0431197480626807,0.0299241473216494,0.0490990691569928,0.0725567432490502,0.0460582892356107,0.0256923900382313,0.021934256003409,0.0100769440993561,0.0163949508286914,0.0186351193007599,0.0307229992503453,0.034720302854311,0.0339717061676004,0.0400848111001758,0.0213407048179916,0.0171906387912646,0.0252412300110179,0.0317137673887842,0.0411484714020557,0.020883355426137,0.0293543745197474,0.0347319659602391,0.0450278912021323,0.0516951348573032,0.0756410797557286,0.0401343617769185,0.0332601219426257,0.030690395516907,0.0555274326549815,0.0469707847080314,0.0371588434168022,0.018436153326433,0.0297880188682686,0.0447445755953942,0.00895672516279805,0.0264385935801678,0.0291767286935347,0.0398152488363014,0.0215060916205342,0.0472625324777436,0.0266744217255827,0.0431930986025881,0.0300222193593357,0.039815381364367,0.0673734201846101,0.0477260397801999,0.0645351635024536,0.0386432248890218,0.0377734517153672,0.0343115631662438,0.0500724080738072,0.0100030800720381,0.0393052084177719,0.0497998496313191,0.0437044667123902,0.0321934234994254,0.0490530498056155,0.00510777493350451,0.0377246511334463,0.0318156400765862,0.0273504079995189,0.0362139690470731,0.0334918565017871,0.0548330750467015,0.0335197250165991,0.0413123174919846,0.0332584220820157,0.0230066812505187,0.0340874650872931,0.0230374956701052,0.0321063238668403,0.0292223404352158,0.0259080282450457,0.0364418007173254,0.0365455084450975,0.0814680281227374,0.0531493481715494,0.0382405458670606,0.0237822904643161,0.0325883959606844,0.0244459038619583,0.0325930487087707,0.0405265735888891,0.0375563599501009,0.0457517920359358,0.0216692949270638,0.0147339677759413,0.0594248934716897,0.0197077354411185,0.0216071686488074,0.0426177899479162,0.0312010668876806,0.0486991599082887,0.0305896829712749,0.0281157060420351,0.0232683646489262,0.0165131184288394,0.0334893415405959,0.0101288365789724,0.00855351293848811,0.0264581475483216,0.0126296144943755,0.0343914656707315,0.02670420729071,0.0155630952579339,0.0545768303908284,0.0287270812225451,0.0376949594144861,0.0185522899463806,0.0332832096038148,0.0377597319761271,0.0440144493738225,0.0207623266067781,0.0355908012329869,0.0353444450559683,0.0647802837207476,0.0175382453187603,0.0317506234893065,0.0581627732571149,0.028811873293835,0.0211700543708703,0.0307777589977996,0.0330344693942947,0.0287793498408898,0.0254816490021259,0.0458471600666447,0.0337382932861,0.0401288159630646,0.0239000151914522,0.036835881242558,0.0201650385868719,0.0446013024291386,0.0326180116942618,0.0272460006351382,0.0227048994619048,0.027339051898608,0.047496858300917,0.0660405168210297,0.0397476392708718,0.0398631182383189,0.0284946530925274,0.0282734414530542,0.0373970652989862,0.0449129087085711,0.03027305894989,0.0477640877451854,0.0339657018868477,0.0270978508425301,0.0444173354208857,0.024929624507371,0.0548147169788962,0.0206462309779957,0.0601538456281457,0.0471426251211968,0.0273978943186775,0.0427818056448168,0.0367850445048058,0.0269043993086572,0.0337080017876142,0.0271973272115858,0.0286754968421269,0.0239575633187735,0.0186072416923578,0.0334665556443296,0.0443140879728332,0.0422168376106295,0.0320694815508262,0.0261804176039084,0.0511979594716313,0.0283751886116553,0.00846319489169817,0.0298148395674419,0.0269181814399992,0.0299486233591698,0.0384102327444725,0.0294258118192837,0.040570085329989,0.0209566132093141,0.0193065375590041,0.0356449113076936,0.0288047050741028,0.0268297110308737,0.0221585197526723,0.0304563424433006,0.0476906629590106,0.047909803658321,0.0178401730822114,0.028771437708702,0.0139684250443987,0.0223281087574117,0.0377874309667825,0.0302094594211358,0.0254836773904622,0.0242004801455977,0.0532873922416131,0.0269638531429129,0.0288396352723108,0.0574118800274852,0.0302050340981951,0.0297016318323895,0.0252922302204049,0.0174796008204922,0.0522523389807044,0.031308832828281,0.0348781958381802,0.0403733471615424,0.031464171422637,0.0365453168043702,0.0312273311857887,0.0132591958246312,0.0158598285843767,0.019022430564422,0.0319448661860706,0.041488563291463,0.0240857471729973,0.0198103677346497,0.0368466476414191,0.0331067884808769,0.0426201462536533,0.0323806965474885,0.0599147980111349,0.033908021015129,0.0195724307314499,0.0249251120666494,0.0512055358731694,0.0365122208587705,0.0319095206917603,0.0247579210179977,0.0428401618453752,0.0268497964680665,0.0355923405511734,0.0342643320956099,0.0178595627856532,0.0197467863501013,0.0509313994415959,0.0197433450753379,0.0446380426284179,0.0230971805761762,0.0151644394279877,0.0321848007733693,0.0285211647976494,0.0442988428242514,0.0170938633162938,0.0349352010138705,0.0419246603099105,0.0470064377181742,0.026863214205842,0.0339053789321808,0.0287514798645281,0.0460220491952902,0.0338894273896913,0.0460121337530216,0.0159855200609773,0.0253992843991601,0.024552588690645,0.0387185733974332,0.0201099242584429,0.0170055679956591,0.0344577566846977,0.0317501323426335,0.0460163581080364,0.0672447657600253,0.0356023107158258,0.0144490626442491,0.0376103106182787,0.0285425883712961,0.0295982278014623,0.0365659733709298,0.0366696323441449,0.0354213675507134,0.0369269445414148,0.0538430546276628,0.0420950952883619,0.0379993162548356,0.0209756615780814,0.0135276312089707,0.0481503735551621,0.0208564879792373,0.0180284271593381,0.0448097605317992,0.0388075856245887,0.0271848057320094,0.0168273289435229,0.0255017861485005,0.0368079772213138,0.0414787482182622,0.0263713665848529,0.0359264714604036,0.0689750231552781,0.0278646282851991,0.0478419945872284,0.0343429630789319,0.0902667051169883,0.0486912315780283,0.0220206154607779,0.020383527727366,0.0205275977748371,0.0408064131307127,0.0367532066441307,0.0296295227545254,0.0265293206768295,0.026676932748587,0.0293399113096579,0.0524648187167464,0.0464621016698958,0.017209082154394,0.0424067636692938,0.0305186508261655,0.0276902011161056,0.0507412686586181,0.0311314471921113,0.0364553490880542,0.0197994268225777,0.0226770843518967,0.030549605980594,0.0255818522362611,0.0351971604983878,0.0650349271161344,0.0187154259836748,0.0291308187429814,0.0232693154660198,0.0429510730230587,0.0495685874108859,0.0252121286833935,0.0363329607951944,0.0270614467996536,0.0224873427186139,0.0504277616262939,0.024737014431055,0.00784729586056586,0.034579874912765,0.0250543629348646,0.0324248672279316,0.0274073057350615,0.0117538955968261,0.0562687358262818,0.021605752433089,0.0590994279317282,0.0272127185260949,0.0144480600801626,0.0321812313600326,0.0337753267878485,0.0301151317909251,0.0713358540299065,0.0359237771542518,0.0246076716717426,0.0265206387385809,0.0400587664987845,0.0357903399211823,0.0390622098409005,0.0359847257702088,0.023303222168073,0.0168274212023748,0.0415912066345282,0.0534393416793241,0.0317184827800902,0.0158746842631221,0.020030792477745,0.0406629497255969,0.0478368388007741,0.0216011834294395,0.01714271850061,0.0243773639199652,0.0641110188513833,0.0304184541046061,0.0755415648554538,0.019961813989466,0.0187126647941529,0.03641168956017,0.0263783934642281,0.0121651045599257,0.0387381860658359,0.0190245679386856,0.0254275727260332,0.0505714758226197,0.0264443712694369,0.0568251868803239,0.0328466398652095,0.0554944457955855,0.0351994019181878,0.032642011227636,0.0223738634124033,0.0389161511209198,0.0214616106774751,0.0362926010601791,0.0320654509825933,0.0432138596144121,0.0494821464354642,0.0303952600638923,0.0407156346024568,0.0302195556530991,0.0321852236965512,0.0478227724015707,0.0346179100160899,0.0304241836942062,0.0285951332237974,0.0270871514559411,0.0186577452390753,0.0515812582872904,0.0253728681283648,0.0504788532186586,0.0431395260349147,0.045923860472358,0.0328862602101663,0.0247308537081352,0.0171391535230643,0.0271970603128058,0.0366620235604322,0.0422576115209513,0.0344525857733226,0.0523459739222865,0.020138422892903,0.0260241509460059,0.0314649725214678,0.036767065943834,0.0455571539396511,0.0270276137810855,0.0357812509963727,0.0147056756846302,0.0402113288880642,0.0647452939240457,0.0456270277009454,0.0496407788635205,0.0305701247339597,0.0237026585632865,0.063779894410298,0.0325225601741193,0.0159518805027704,0.0318181159842741,0.0410691378815742,0.0383957865933776,0.0246334653156572,0.0587170480084815,0.0375807598248159,0.0219781442093422,0.0249779603646964,0.00372811664341471,0.029872187234071,0.040511839740605,0.0543916070170284,0.0324977684247685,0.0196062332437236,0.00904769357927993,0.024427360064666,0.0306740007135803,0.0681820829879315,0.0734489447771277,0.0353045524243556,0.0140084963080254,0.0405519206819741,0.0660028462416945,0.0469776324271788,0.0429641605769771,0.0226243005550613,0.0401647260929014,0.0175642045973478,0.0198664406845879,0.029231804444065,0.016130558413152,0.0282618874043328,0.0177420400066206,0.0300314667409265,0.0298322448155206,0.053735339848999,0.050810330644123,0.0218916287876118,0.0341573616708055,0.028595394219064,0.0489375636117479,0.0297651983551916,0.0321062835488622,0.0651811270497349,0.0187746890240777,0.0138061769109221,0.0297907893217801,0.0301077723224399,0.024426779930223,0.0771913145414115,0.0258290376747947,0.0261268755132366,0.0282741714104231,0.0523048013682384,0.0489215134621151,0.0543974457505155,0.0260374757337248,0.0428669951104022,0.0636280525663631,0.0309782507995285,0.0150049711795476,0.0539125044108189,0.0515680586058832,0.0198569591549145,0.0278007740458022,0.0391200532527312,0.0312390261092964,0.0353551141304755,0.0447567302016862,0.0252988639964355,0.0329550986294079,0.020299073302431,0.0211063096853841,0.0358793211396544,0.0214157917663459,0.025066596541137,0.0196173557264348,0.0300394153074358,0.0243424261686703,0.0211775877396819,0.0374729050946267,0.0377870569810788,0.0599966822080576,0.0373262372051178,0.0346929160990187,0.036706518379956,0.0517351587420086,0.0328918418319512,0.0504786166074978,0.0420276375848638,0.0242462449051338,0.0337685535404134,0.060721841136579,0.0490728740360917,0.0599295993344981,0.053417264289466,0.0266023898821808,0.0330763796922959,0.0329490765246241,0.0407228083156664,0.0372123266934412,0.0325493094347619,0.0459427230319085,0.0251761953928825,0.0242875360125322,0.0470287803736626,0.0313716505420338,0.054828580189646,0.0190605190126212,0.0205476795480989,0.0372976343742943,0.0248389785909128,0.0778151493400907,0.0317913861836469,0.0229431646610331,0.028128926447217,0.0346043899348788,0.0144368650606063,0.0511756598950959,0.0175296874292301,0.030197919228754,0.0303443079044779,0.0144001351805681,0.0421108242014716,0.057565988325854,0.0271344269039711,0.0214717216514337,0.00695578329471632,0.0286264779912397,0.0321714320216397,0.0321559082561509,0.0178589139600197,0.0548302317147547,0.0433585839790481,0.0321611133900462,0.0229699135054871,0.0257658779347036,0.0323004971169124,0.0218223930566829,0.0173424575528219,0.0386281887283366,0.0259705911843487,0.023258811542124,0.0390796948462209,0.0177859060858605,0.0387161797635198,0.0259330538878817,0.0232502342529711,0.0333834730826567,0.0399400308370109,0.0162600646475521,0.0170637431033808,0.0369308007934154,0.0295358274792373,0.0220881410986085,0.0752188143486353,0.0631027831407212,0.04815582077215,0.0164488623896615,0.0375004518232593,0.0186923292463103,0.0261524061719363,0.0240986798853571,0.0407574557434844,0.0585871489269245,0.0295148654148505,0.048339450441737,0.0202608093299458,0.0222390157739871,0.0471499726956201,0.0190107056495161,0.039883838274947,0.00906305953322837,0.0351080255925478,0.0195051553850534,0.0606989897323716,0.0392445575710281,0.0231247964063224,0.0308340359015387,0.041541491217541,0.0346769614716527,0.0291461709057439,0.0285202318013441,0.0408896636728978,0.0244145592835225,0.0296277722602446,0.0309853587620029,0.0264915868795529,0.0120501485710733,0.0157281823133131,0.0221995262936461,0.0361102041815124,0.0218188746961253,0.056677670991965,0.0232216073419858,0.0756651980780341,0.0247672771208399,0.011517145892417,0.0332763309302412,0.0219693332964386,0.0377724678381009,0.105105741345008,0.0253043078850454,0.0477208976631421,0.0343501039993047,0.0128061200401179,0.0287590623842915,0.0391114940704615,0.0321897821316062,0.0140236793832856,0.0296440313020085,0.0173673956904289,0.044645910695326,0.0409800585779101,0.0262299350012218,0.0435984976469712,0.0251395069225002,0.0167523115231778,0.0313879085287548,0.0132472103952624,0.0401531488274896,0.0444033855231008,0.0471099918504962,0.0547210418037988,0.0443361449695347,0.0267656597697951,0.0446952808012063,0.0184836486831321,0.0248455663054472,0.0209818359695143,0.0670983661425648,0.0285085466909318,0.0376537336901646,0.0544074004679693,0.0181239064007484,0.0266385640333321,0.0336181553589503,0.0214725692811012,0.013332016694612,0.0403544365010384,0.0439196907714649,0.0331002328795168,0.0613774063031899,0.015836694011882,0.0340623187361068,0.0244052333232597,0.0326704425674909,0.0519729816265895,0.0309285837027328,0.0186906115511822,0.0276217749005233,0.0248748750143739,0.0364025020486029,0.018244792613895,0.057217724929212,0.0220924458129044,0.0194016174589718,0.0330398879852919,0.0297167575210524,0.0223009567891812,0.034532632414675,0.027272666658301,0.0228676464451467,0.0266985408251933,0.0370661444150062,0.0236015859961962,0.0178490099621003,0.0308529236572051,0.0170450639976303,0.032120028508752,0.063448791598638,0.0100993492949346,0.0553652049917305,0.0418169468715035,0.02783993986419,0.0379924159430288,0.0339095454681066,0.0121285424915374,0.0335545251668067,0.0154149411186489,0.0455310520738462,0.0550382749477066,0.0335590870515242,0.00762464309262906,0.0130807879362445,0.0250319139872728,0.00821919400546626,0.024804206894188,0.0107206210103947,0.0148102890891197,0.00774218437502779,0.0161038082352053,0.0293959434289814,0.0247068937919984,0.0495619561853818,0.0317974562212304,0.0410953608132486,0.035125192034007,0.0282119338395191,0.033341300838926,0.0228440710948121,0.0348870658458381,0.039881784302012,0.0275417206403275,0.0259072179860624,0.055407860078766,0.0321075019802749,0.0462648616411489,0.0123980475944789,0.0233792939354911,0.0174896922199545,0.0185956537490078,0.0321385484896733,0.0174399308835343,0.0250501652940522,0.0228300788037902,0.0455704533865441,0.0367894764177775,0.0348640302937998,0.0368495956846824,0.0439612942206084,0.0206558330990335,0.0309869781431724,0.030107586420367,0.0222273454016049,0.0322139253994991,0.0339339901691815,0.0732915160195621,0.0767900575173775,0.0193662023638027,0.0558105287075181,0.0321469362622516,0.0468896368989267,0.0456417424807836,0.0179274513078544,0.0461329369802902,0.0502227129912782,0.0374792111377389,0.0444883353735966,0.035424747907645,0.023086572378274,0.0216455540551887,0.0198183410143326,0.0480109286273347,0.0269565476900444,0.0406445390191077,0.0150721154375337,0.0443028733715628,0.0513074441104289,0.0203578872843957,0.0229199168201102,0.0326454987042227,0.0201749359006829,0.0296860676015081,0.0485118790648668,0.0152749052315781,0.0371494774638367,0.0382491494907549,0.0340970548103972,0.0697547543935569,0.0509743471984087,0.0217565338315347,0.0409199373600274,0.028229289467622,0.0561370266012751,0.0349247325648696,0.0327238903912659,0.0164539853420051,0.0431367595427446,0.0130824749737171,0.00848316681287437,0.0280286017444059,0.0101303176167456,0.0346415233773415,0.0139726049498669,0.0262925442627501,0.0274904106036194,0.0671557609646714,0.0557658059728134,0.0384252683853173,0.0273222344326681,0.0307127809667153,0.0413197085037098,0.0295692467721891,0.0376006956555601,0.0409182511244975,0.0325722190246923,0.0214887416278919,0.0284298668239092,0.0427558625952789,0.056121474537386,0.0377060160844389,0.0462545747084825,0.0582370481742379,0.0115085880445148,0.0278206479337382,0.0468498688015585,0.0450761673136845,0.0223042697798458,0.0298034740094701,0.0648400592887898,0.0413418085482876,0.0261819834969376,0.0342074588668793,0.0237999021733131,0.0371823239936692,0.0542116749183367,0.0395000528036721,0.0481171648840625,0.0329004479860926,0.0221178716997415,0.0272590985465496,0.0319851617123621,0.0241608568304899,0.038924846712821,0.0388383079407275,0.0472355834401624,0.0273397236738683,0.0359315241436993,0.0595375622492531,0.0294783098894229,0.0415047774319832,0.0432201715796144,0.0322241721492315,0.0240193151827422,0.0312623058703271,0.0262619674108721,0.0448054121778679,0.0397085036176905,0.0254966286816421,0.0403864510253557,0.0198390615860254,0.0167861046964438,0.0499881160962035,0.0592298430203096,0.0472268229526167,0.0257341360563231,0.029543165123928,0.0284588957833587,0.0292418067728558,0.0325444296835681,0.0127867643902737,0.0269503654497434,0.0556419617029936,0.0424843287692416,0.0288876275028581,0.0505355415876042,0.0605720073781162,0.0274125522449003,0.0158520008145411,0.023239653676298,0.0201255478106684,0.0305287128701404,0.0312633454525474,0.0341220144988754,0.025800287575369,0.0244282125509949,0.039996709042188,0.0212919980515659,0.0369309426644674,0.0295884694438971,0.0619684197779521,0.0527453937415779,0.0505966862487247,0.0346237564491144,0.047615217552037,0.0201665181291383,0.0293302318216448,0.0187329230319412,0.00948459402007538,0.0321543211536376,0.0273126223593445,0.03846251661809,0.0426762382661541,0.0273577620008863,0.0209059027157416,0.0257435057383597,0.0521321256680983,0.0358256056277058,0.0412598328016119,0.0352240000389646,0.0314474665089727,0.0260183855687822,0.0631144350043302,0.0419546222410292,0.0428867633232532,0.0178605758610574,0.0301622553065829,0.0398662524394311,0.028749508274467,0.0268264754934442,0.0334256011960298,0.0582155596030328,0.0343893190001842,0.0465938589983038,0.0358720249153726,0.0280351527059195,0.0326082947394488,0.0355675364013524,0.0320779140171756,0.0334857180645273,0.032260120994632,0.0326011283153631,0.026326236615305,0.0429278056489436,0.0266944403487251,0.0400814538900068,0.0231546654016717,0.0585280532231828,0.0115860615222949,0.0612852388029255,0.037732745111871,0.0419935963883338,0.0356871973328392,0.0288632431463736,0.0550480190009475,0.0396628297043554,0.0303531037551592,0.0318794546566018,0.0101675409424836,0.0339051930355849,0.00845686467044767,0.0609987465274785,0.0325500040802709,0.0500354706610345,0.0399758571772661,0.0151029855608192,0.0333666472416648,0.0377032207299632,0.021831596611442,0.0310993549629733,0.0380095837194497,0.0361885935538409,0.0128715584589475,0.0323330042938794,0.051397099279561,0.0405091792364294,0.0305753257336461,0.0346120795075546,0.0189842808917341,0.023426695840206,0.0215071136798933,0.0146759369275023,0.0460500257164287,0.0179040747297001,0.0137001595291856,0.0239120955827554,0.0634895568530592,0.0195321872684049,0.0272930666290294,0.0130017385102942,0.0469950159121891,0.0230122623631486,0.0513756897943,0.0527821082505643,0.0479241848489719,0.0241980255961287,0.0256431270322947,0.0188661128956736,0.00919237732583942,0.0275747532901169,0.0443206007390146,0.051087722451584,0.0450785824637284,0.010965535625867,0.0165040603665143,0.0348963551269576,0.0247578198105826,0.0216844635941882,0.0340013611715997,0.0443751276049105,0.0167876767330445,0.00528233449914191,0.0221138352360877,0.0575044232166915,0.0168552533402927,0.0334446949467872,0.0552053240158551,0.0273525511087477,0.038328091480003,0.0557998855320189,0.0263625737986077,0.0444496935818689,0.0282852339204578,0.0284422945411667,0.0349553882929711,0.0428666395518035,0.0235688334130545,0.0691005310798245,0.0370677794858986,0.064407820757376,0.0376494869336447,0.0369918573505039,0.0551644194686142,0.0371530947055828,0.0360509588283901,0.0414504346872704,0.0230317130856986,0.0498982572208604,0.034698538768127,0.0359311068232143,0.0419422160644657,0.0354255937945918,0.046720627216142,0.0426862942077886,0.0267200291191699,0.0261761119816139,0.0175258872488983,0.0352515888998164,0.0446574844147421,0.0212386164431164,0.0639935445851361,0.0285233606368754,0.0170101786000862,0.0254300473575262,0.042867927201369,0.0297715001528447,0.0242186346697522,0.0204633564175577,0.0142347543002039,0.0339047825129292,0.0435295709978939,0.00725057391588011,0.0392491215122062,0.0188894500050139,0.019357074122488,0.0188513754723184,0.0187617516203318,0.0358147716702707,0.0161610196505267,0.02234675526488,0.0218256053838407,0.0199847503848558,0.0230848751094455,0.0213156750253298,0.0254098428205656,0.0225657702983969,0.0470747782033491,0.0783064010160742,0.0394770174437425,0.0111283530319882,0.0236570983756472,0.0415686081361417,0.0435086135712181,0.0356539674510565,0.0371668121262001,0.0296132741811671,0.020445976524253,0.0189555606699219,0.016757169314463,0.0357053936285673,0.0439607923409213,0.0497143136702415,0.033933788141785,0.0431581801265762,0.0225333573386584,0.0148529725951722,0.0447404975524668,0.034940625684035,0.0363333854670841,0.0202795556903711,0.020456240874567,0.0121841976671471,0.0426331621669788,0.0315524292294516,0.034981726589577,0.0310349889258422,0.0642692275660949,0.0260459160640315,0.0407489962270691,0.0296871480488258,0.0320044948474188,0.0274700410558192,0.0543438899172596,0.0482675432366546,0.0159915087190279,0.0336705501886483,0.0459536641835981,0.0166196550473424,0.0412442052652993,0.0432349145064192,0.027359188870971,0.0319520764846663,0.0450887983657641,0.0451568458549133,0.0496855563025468,0.0414257353050382,0.0289569495911245,0.0505337849551727,0.0550190630257476,0.0383727415067457,0.0458526215396189,0.0541531144169248,0.0362172945249048,0.0284103795393873,0.0197885315718581,0.0339133613449302,0.00958558003361104,0.0493835199549921,0.0288522730996837,0.0209693887315611,0.0322863141708287,0.0380175618774222,0.027883672947139,0.0741596870398402,0.0425449248980229,0.0227667187992452,0.039867890666505,0.0149432108846657,0.0449663666713733,0.0421701924692348,0.016584288216139,0.0393996911634253,0.0451445640048814,0.0174779730401838,0.0328704059636321,0.0530198846573334,0.0543716070206471,0.0624093324786212,0.0272236378229048,0.0476770951147698,0.0308566406765004,0.0319663864704893,0.0346534216257073,0.0692771779946076,0.0330522705955026,0.0446713419516532,0.0368559530526589,0.0203576104369809,0.0440630081636121,0.0139496784455829,0.0171376534143066,0.0271996920408911,0.00945016821495174,0.0424038527563218,0.0217233853164054,0.0409592306236699,0.026366094759659,0.0423465751677429,0.0154287159145878,0.034880359052155,0.060263153297759,0.0419718598233054,0.0382111304732309,0.0256928612674393,0.0475876900770769,0.0213524680276967,0.0139283790674337,0.0323207093043633,0.0492294716701007,0.0193762176904826,0.0285464900126859,0.0207361173163717,0.0323176594165483,0.0390943997160416,0.0150575251338905,0.0292178789212263,0.0298799257789201,0.0502643414694695,0.0651252441165864,0.0204772262072517,0.0186830968056388,0.037156377645697,0.0418822457296177,0.0309437812684717,0.0332973062192595,0.0211274191352352,0.0400079473217939,0.0363899389941022,0.032875350571818,0.0408566575766398,0.0217477457614477,0.0435009406129081,0.0373108907046412,0.016926672576074,0.00979857008811112,0.0425761748964132,0.0360709359122236,0.00856010668373639,0.034022382525686,0.0317379860400344,0.0289070302215906,0.0287722196277077,0.0388950779302005,0.0399061436569245,0.0330620880792905,0.0410631385875719,0.0376040494464149,0.0151842114336596,0.0325436494874752,0.0425480243786711,0.0284899733359215,0.045059026171414,0.0301586649602206,0.0273440825979272,0.0347393143591569,0.041890774179248,0.0231627583705514,0.0351513815379692,0.0329767446302282,0.018880754229355,0.0271314364998824,0.00579853567175261,0.0465046864348831,0.036773645980975,0.0276853189184555,0.0378028071022286,0.0118477835885839,0.0405416550343256,0.0250062857661379,0.0589896973336863,0.0183432477621344,0.0457450811949152,0.0641169664379791,0.0217145776771905,0.0113794069292738,0.046117736288404,0.0197951792955433,0.040496771891774,0.0468784029751177,0.0418551764933587,0.0379213906433702,0.0290499225437855,0.0414614458855343,0.0413922916528763,0.0133566491330913,0.0718601772617146,0.0600493442383865,0.0254706628865428,0.0199082695907577,0.0313361302202367,0.0433991981395135,0.0440876454437656,0.0244436443578976,0.0326923971134636,0.0186698483889406,0.022949776619009,0.0374052154982667,0.0231456004914568,0.0292135369153375,0.0382692866225668,0.0294046155591933,0.030029618997046,0.0369692494577984,0.0313770510515177,0.0533036310030641,0.044260125975058,0.0171465361771224,0.0268774425087194,0.0217454399955724,0.0152481746856909,0.0521721605589619,0.0253079829224975,0.051667690030792,0.0465082773653856,0.0382069729710358,0.030267263406774,0.0345603885016032,0.0181395499814869,0.0182600670947441,0.0322124534167801,0.0186717741398778,0.0355922983508076,0.0292790552798847,0.0363082610161146,0.0424969225238042,0.0494666080781331,0.0466644581459883,0.0194227058655914,0.0329537090190739,0.0203962568967503,0.0217370834274913,0.0394736182348073,0.0117752923246764,0.0748082833661369,0.0204731178311784,0.0182506736533748,0.0551471197857275,0.033314579278811,0.0400765689241627,0.0167113478348148,0.0216861936420958,0.0563202349671206,0.0844058042557681,0.0268508749949061,0.017234085449354,0.0406249995937888,0.0527407803413521,0.0207983446590854,0.0372302152149299,0.032681935752228,0.026569157074861,0.0505879005810763,0.0449175212447226,0.0389788032819453,0.015055988116775,0.0113088533174389,0.0434578593281607,0.038795127604096,0.0910695295658852,0.0191088109481165,0.0394907569772486,0.0360579086344523,0.029545979434949,0.111211911282568,0.0485602983895462,0.0340586583899714,0.0347743043818721,0.0536279947133848,0.0273311088789902,0.0132963965219052,0.0362618816776938,0.0230168602004322,0.0286671874960142,0.058015722293962,0.0439653788860811,0.0159445736099371,0.0143764037926781,0.0285122380017306,0.0267565933929052,0.0286878886983395,0.0225653970017164,0.0267801409143467,0.0635387435320071,0.0512418812212388,0.0217673365935608,0.0477203560339738,0.0273043279529219,0.0218589608374675,0.0383556673191612,0.018914209052589,0.0475878128609903,0.0392591640118955,0.0141883277960101,0.0246803952384282,0.0468104141468816,0.0254105310959549,0.0214936970210093,0.058497483585777,0.0406297308172244,0.0507450460177772,0.05184773327318,0.0453154998739971,0.0210291085232683,0.0419107316137461,0.0275075319371642,0.090133236512421,0.0242295771852674,0.0605887808821802,0.0247084865905925,0.028741857998311,0.039529494332369,0.039060173021544,0.020062926892674,0.0242975853936559,0.022990224146034,0.0446760579407955,0.0265071718126081,0.0301404570358314,0.0232309336455177,0.030969515205943,0.025920795278049,0.043019105912278,0.0401045252118901,0.0196802037402297,0.0375396418908261,0.0199539259885687,0.0566837792388316,0.0417919292373823,0.029265682365513,0.0383531624557946,0.0370996942496983,0.0243834138025542,0.0262421822243502,0.023934656051432,0.0248140373541266,0.0338097398472765,0.0341869543020981,0.0434454779437409,0.037486546216151,0.0288518639448455,0.0234787955075692,0.0169355357218388,0.0338986769360479,0.0420766754776824,0.0181387714948755,0.0115389376278541,0.0455748304817696,0.0267525866354074,0.030339717545914,0.0604380059514566,0.0497965210617651,0.0231685320934115,0.0265898232957266,0.0492308380806432,0.0660333086442353,0.0291191142249862,0.042112551614032,0.0222045596992932,0.0253176966675568,0.0338495792647808,0.0290885630315673,0.023143043130077,0.0398671875993398,0.0326174257338396,0.0154187005652023,0.0304062064961606,0.0292834532481126,0.0214673422880006,0.0178156792749528,0.0504307687678497,0.0318656718250824,0.0222674068394519,0.0178390598855669,0.0346939472633574,0.0344329404342651,0.0334031563643132,0.0401992449701462,0.0251196007972244,0.0252793055452133,0.0598785436749522,0.0356936716683645,0.0363852923649083,0.0350786791348773,0.0254636370659043,0.0385440643898297,0.0124688399770079,0.0202676466781514,0.0239268615975881,0.0117044982747529,0.031905146860095,0.0556039074755874,0.0558896285867638,0.0322242013235136,0.0230171707674029,0.0371256926138936,0.0239926329268382,0.0211552050446906,0.0292057458983074,0.037818964515364,0.0259983733076201,0.022621497411497,0.0435401953963447,0.0368036247140113,0.0215370864221008,0.0526812596714031,0.0314979871174551,0.0250590444977418,0.0237809533079329,0.0253169218935801,0.0164631314839664,0.0415268990974763,0.0313249879360013,0.0260525874652845,0.0342370710899962,0.0213531647836522,0.0282351772324991,0.0159823022517653,0.0312490403600621,0.0490520105032822,0.0202957443186344,0.0190532936317615,0.0228801918684154,0.0437101682828855,0.018116693547188,0.0577263283726501,0.0226662671489707,0.0297972126514328,0.0214925766688093,0.0163703968699389,0.0329044063387132,0.0231709714351254,0.0443197401291925,0.0337781020345789,0.0315605521333387,0.0341773690850933,0.0299869100785438,0.0542124550445334,0.0340754164481306,0.0202445208461627,0.025340960108259,0.0105768800209867,0.0419525852956425,0.0466589661384334,0.0422106434202547,0.0351315607473263,0.0254498100156441,0.0470236085383839,0.0398047903470127,0.034685246713596,0.041130591236764,0.0437204383890486,0.0344978157303218,0.0344992235056044,0.0237565090372184,0.0501854904691225,0.0504289372738379,0.0255825631154858,0.0359860096826282,0.0246254355241356,0.022335220445139,0.0216779187806341,0.0347013986849139,0.0290498295547814,0.0551103502015491,0.0403849298835224,0.0233093735304753,0.0517349414642053,0.0207143218055966,0.0254869319277282,0.0256148631821432,0.0256475653229374,0.0328660780963608,0.0465345537253652,0.0353142367447808,0.0296288927908509,0.0430814142269413,0.0364675937955429,0.0126563049415309,0.0431472021717878,0.0395429400046499,0.0177345712642265,0.0221501834500653,0.0312489219349428,0.051325520131727,0.0375488473566742,0.0459917488276134,0.0382415254821104,0.0339147192190849,0.0260992437869314,0.0479895214348102,0.0164994557522631,0.0879279324596227,0.0295133610695813,0.043885666655034,0.0282128491809318,0.0275331069645638,0.0159724858497075,0.0323499098234762,0.0198372558844319,0.0376753134130054,0.0208069162435392,0.0378370994689456,0.05671577699406,0.0470576486666578,0.0313870095596166,0.0217992033603834,0.025388957957609,0.0436179228716957,0.0322184450407437,0.0274223188471351,0.0170677590683823,0.0287122410194591,0.029262788515747,0.0400813761938537,0.0397521627627028,0.0281068489785235,0.0487162345451729,0.0714461583893033,0.0399234436304604,0.0377908122897694,0.0416716539354503,0.0567894997670793,0.0367546142651536,0.0504561000382592,0.0336539389908561,0.038967974265866,0.0360572699085811,0.0256509210720142,0.0527354458466209,0.0297851984204007,0.0406567014443593,0.0320140608626122,0.0271524690110769,0.0207441783144854,0.0365416249165972,0.0296747363634398,0.0261485008399811,0.025601960539956,0.0166605232036283,0.0371849058089174,0.0149767980491951,0.0259509902513752,0.0446171033446396,0.0315927575785554,0.0417606679171509,0.0379057760652866,0.0497775493060697,0.0592663859962095,0.0477815045066544,0.040774533602643,0.0125497209346885,0.0290734917398568,0.02876578909572,0.0330788866131938,0.0357787237385789,0.0283860131013034,0.0280244232328427,0.0576644021741646,0.0511846965244521,0.00581406025147613,0.0530399036779187,0.0251099264633942,0.0448727043322955,0.0502986591173199,0.0310360789733266,0.0192681553759639,0.0348335867652073,0.0437232766442917,0.0190875448592521,0.0142356044135682,0.00654787332708412,0.0237744248985425,0.0383400001943758,0.0292221046197578,0.0292421192698688,0.0232866864417772,0.0303399890572728,0.0528996490000288,0.046557100845883,0.0368913344684635,0.0457163066558759,0.0351912410898998,0.0182823417442369,0.0301343358241401,0.0380963630411597,0.0542134944108738,0.0222578051396473,0.0528408948904638,0.0122288237415664,0.029890466907542,0.0182992769538286,0.0260079665826161,0.0657816778723157,0.0588599637061176,0.0559651784769708,0.0301973053481931,0.032054052548517,0.0407879805508859,0.0274016626577641,0.0435588893303203,0.0194744625802622,0.0255522832974642,0.0259582581791702,0.0275949844426702,0.0425842430436588,0.0144684701099534,0.0191921099408252,0.0449331372984337,0.0240998694281053,0.0487770397956499,0.0194266853056806,0.036405927017197,0.0326223614687696,0.0406318962376143,0.0510371886570568,0.0190698866915482,0.029677613931541,0.0433331814992931,0.0113121870513471,0.0354547143157833,0.0579256810842248,0.0649394401433955,0.0106318690208921,0.0467279638516724,0.0248607244274761,0.0337046242637753,0.0539601568816481,0.0374536433601847,0.06704076124275,0.0315264140396769,0.0120879178971257,0.0251746290704829,0.0241153817351129,0.0519569338851573,0.01975557903292,0.0159217570605803,0.0607150268080813,0.0332327112099296,0.0172850391784443,0.0305185211596048,0.0291013789780935,0.0389410598103656,0.034109145418429,0.0309955997519486,0.0241563435374009,0.0361720519850218,0.0250780630319921,0.0582294697449997,0.0395256650784236,0.0316611821341665,0.0284255858231243,0.0563104797513786,0.062605358918185,0.015533721277035,0.0260822790650043,0.036534209694417,0.0189791728680999,0.0332544762567785,0.0162149110695023,0.0345057381095099,0.0174232269077684,0.0155999705032991,0.0153524622210856,0.0542628206550532,0.0352963157366521,0.0128866741724381,0.0416379445028807,0.0264566206994672,0.0189160468803128,0.0391646718517001,0.0686696181790515,0.0135774086717607,0.0196866495966184,0.0336623713769138,0.0467796409514276,0.0383869862745119,0.059302283074043,0.0518972785582939,0.0326736044973754,0.0315311437321814,0.0217108389604192,0.0151287879778982,0.0401950712814506,0.0400243364510683,0.0319815559736258,0.0203620797378203,0.032174173108337,0.0746985687321275,0.0497781344335875,0.0419550135237082,0.0202772889609799,0.0268002221207929,0.0239519808530651,0.0311110134687875,0.0227850400680822,0.0352639808986116,0.0250594975478466,0.0272204214292868,0.014872045799675,0.0189169516654276,0.0357655934106023,0.0293500597096106,0.025877459301716,0.043183773733642,0.0381755205056708,0.0303479888405377,0.0148323260511793,0.019016704557593,0.0260158626701094,0.0188349900936959,0.0258998482410563,0.0998873935087683,0.0526354649972879,0.0575706638765641,0.0391459303408068,0.0691823209149685,0.0119964649013423,0.034542278069884,0.0481107552104067,0.0468796863098621,0.0378084876655422,0.0283150620500533,0.0341336044337504,0.0191224426397026,0.0178920583717751,0.0209738520562287,0.0237517429180088,0.0318298965841045,0.023165124901544,0.0491540763113793,0.0190979746960903,0.0259656763807603,0.0475630492104869,0.0307438184846155,0.0670165801905532,0.0186319704442455,0.0216856987454884,0.0351804139743581,0.0555056305514774,0.0562700479648066,0.0378481428963281,0.0241908532365347,0.0259276056764007,0.0153199829658496,0.0348285761895877,0.0566879210681278,0.0477492082697395,0.0547795075279274,0.0348643051474331,0.0408486160298248,0.0276691821739327,0.0307700468052175,0.0499820797155543,0.0504186325183051,0.0514681876816226,0.0426270049787231,0.0343269667078509,0.0343111628021127,0.0246389925602469,0.0116983314435736,0.0142375355373129,0.0506655207684334,0.0514232465284134,0.0342287942814955,0.0342227066646344,0.0133628757169529,0.0438680947750099,0.043147775443355,0.0467811943304649,0.0595871857418969,0.0258337981348418,0.011098159926965,0.0133041397893929,0.0170109535632127,0.0314506229839749,0.0404950261376158,0.0355594530696578,0.0367024813456745,0.0335257382250359,0.0314145043239224,0.0289113425621633,0.0132357134971113,0.0289057866361406,0.0316870222101511,0.0255996882240157,0.0459314252980319,0.0379560227821332,0.0152732345383887,0.023402690035827,0.0817662011080568,0.0142302598705742,0.0454244168565546,0.0242753252929144,0.0210196400632154,0.0299388150374164,0.0456933299416518,0.0168246146438203,0.0143633881832177,0.017222057185775,0.0320472518885441,0.0509136954047254,0.031693132969938,0.0485214988617833,0.0608915678331215,0.0291035739602813,0.0161171060685757,0.0447169039085305,0.0255374401663816,0.0216609261432488,0.0292919016358219,0.0302808479798466,0.0198428896875768,0.0281723415384484,0.0205390822876018,0.0182777130324676,0.0649201748076227,0.056983348186608,0.0535221477148152,0.0225331007955703,0.0221560528754401,0.021299280766954,0.0325361267180854,0.0304919321245734,0.0219700570920072,0.019397361064589,0.0215840492049468,0.0231237489316043,0.0392254461815492,0.0250038296701249,0.0306032670591354,0.0269651147102829,0.0688424768961704,0.030402683305255,0.024125751019884,0.025266765402186,0.0243701942932114,0.030332714464614,0.0307176289309954,0.0512463372197453,0.0434590382729679,0.0561100812570916,0.0331524654409623,0.0306650365992768,0.010943109439003,0.0239200675481207,0.0584751509959861,0.0280303687691249,0.0178155766517409,0.0257826432423351,0.0518503584200326,0.0445412404296389,0.0417097473900755,0.0332039558147496,0.0143930234295534,0.0366349063226482,0.0505752101456154,0.0341387140540856,0.015002931349241,0.0286887139298319,0.0151672732164802,0.064809249608635,0.0382222370233721,0.023558808031516,0.0157917914765444,0.0225740111648628,0.0682613160240033,0.0391952313810285,0.0643421382234036,0.036126883583804,0.0320081997724883,0.0140922594107465,0.0256801454438576,0.0813517569195027,0.0267088602467011,0.0384493569080938,0.030362160772391,0.0271983339886238,0.0209178053278572,0.0372412051290042,0.0131988349205672,0.0214445827518131,0.0223472855465218,0.0500130131281455,0.0388290789401968,0.076441849431108,0.0216376646544674,0.0157781324935722,0.0508463051448523,0.00919533403756656,0.0580508389249671,0.0216930573058531,0.0273759384708057,0.0137884654815963,0.0205612051076348,0.0413121366387621,0.0465890338046174,0.0396636749273855,0.0350696790947451,0.0134884802328393,0.0489547751182663,0.0347307277889857,0.0254544993447619,0.0220257541474012,0.031250754677373,0.0206731948363423,0.0625834727215445,0.036225583413406,0.0396549171424895,0.0377659784353128,0.0333770178886257,0.0390354445328632,0.0308808558504571,0.0202210604189188,0.0331286761220533,0.027182097084047,0.0342189886048837,0.0208012652115586,0.0324453425724492,0.0507863139593713,0.0405412905096558,0.0341284423008625,0.0380581125676519,0.0381701261655997,0.0176047327806128,0.0189162591273647,0.0827556464393453,0.0405351874845258,0.0424437210442868,0.0158557572193771,0.0468630468833581,0.0256822127373598,0.0275684336663048,0.039524225314878,0.0696019042660627,0.0452905643846419,0.0134057088447609,0.0147317295909507,0.0508840553295129,0.0374678094191883,0.029102465047722,0.028634652135624,0.0165763150492605,0.029588383900458,0.0303952867338808,0.0391076858803762,0.0507139871406386,0.0329792374276137,0.0585299572284566,0.0164203689416586,0.0157126790713542,0.030204127704242,0.0544775000939065,0.0179699064740159,0.0305732639391993,0.0386877786263656,0.0191396481293593,0.0673260647417295,0.0441301846826162,0.0191016644602116,0.0239542336770874,0.0264812444169089,0.0458388977159163,0.0350730638890657,0.029038163428284,0.0276966086443681,0.023456145507207,0.0198700729567089,0.0397315655745863,0.0339574312942643,0.0158174096024382,0.0361508050174543,0.0342614070777564,0.0332012548458177,0.0473270554989678,0.0414530659520879,0.0374273016710764,0.0322079293416013,0.022802530649134,0.0386429777537628,0.0442953663888836,0.0500650578587848,0.0668022937122083,0.0777031895792705,0.0140891062256866,0.0498712170780836,0.014065798370512,0.0175971423046523,0.0284191282678878,0.0365571564499097,0.0499525282979426,0.0253646543344583,0.0325368911150129,0.0109464825439007,0.0163703616472268,0.0219112122354302,0.0432253256723804,0.0761188834822412,0.0209297590578175,0.0271783322095949,0.0302615472048726,0.0387142318057686,0.047683349722531,0.0323483910928426,0.0458443884264928,0.0345546327522115,0.0216103479242717,0.0303040912910593,0.0420454100420655,0.0492891066219694,0.0197918904335991,0.0398377782597034,0.012721302000855,0.033883239476057,0.0361344696504956,0.0458783246303025,0.030456711937684,0.0564612101373365,0.0179006316617983,0.063046656709926,0.0187715068581189,0.0306874888406998,0.0655474728787364,0.0301583294025635,0.050138366030879,0.0255870243951657,0.0286732833224391,0.0311118946015374,0.03602353596021,0.0187394162417656,0.0215072962266637,0.0239096516246214,0.0245871901663532,0.0480020715264987,0.0214106651413401,0.0382194643214878,0.025094709058339,0.0255420047540048,0.0157413616013547,0.0257281267840346,0.023227893608013,0.0302284321607409,0.0308913950823558,0.0362561615804576,0.049437508447741,0.0194083538050507,0.0264763058890247,0.0341155084305668,0.0361110559415468,0.0413822770250923,0.0425218945504965,0.0345883059404051,0.0262480484139188,0.064993667615886,0.0347764180749485,0.0473160887717038,0.0383025527248289,0.0210195345597167,0.0404350760194495,0.0230397860022589,0.0323203362924446,0.0251800333946359,0.0330222062258773,0.0463850983521788,0.0131029924994768,0.0177640410213999,0.0263242877113717,0.0337373860954715,0.0109049763171688,0.0351862740193065,0.0303773178995572,0.0346133597962966,0.0263681484104355,0.0219181188950889,0.0360289762995295,0.0619312002361899,0.0685778682517591,0.0422559628829306,0.0328670442023325,0.0526785189157573,0.0810293961656314,0.049662383405253,0.0244941194992903,0.0608219352614948,0.0492043723106372,0.0334029791641288,0.0548334502929584,0.0242138072719468,0.0412203716998981,0.0349501364662034,0.0575393199940398,0.00915930635423691,0.0254996913924194,0.0212266852636018,0.0385730151632902,0.0392257674831579,0.0400766649217313,0.019901846815307,0.0622319243997879,0.0217974776708103,0.0217733348142799,0.0372008311013181,0.019732020483377,0.0228548751582327,0.0451380748836343,0.0360062712884644,0.0233603780099293,0.020592925438031,0.0388188293422228,0.0935097600404149,0.0182101091160158,0.0355216992214038,0.0233799632315426,0.0562145347798851,0.0326608771532603,0.0130018532606889,0.0540389753728541,0.0463052202836975,0.0376186663212309,0.0303588030712107,0.037196186797737,0.047606008475847,0.0418665348605206,0.0599658804908582,0.0314005679259182,0.0317983546689832,0.0283125284290661,0.0279835586921985,0.0196879772261097,0.0300413678347172,0.0219941037357648,0.0841639869937643,0.0242738904351555,0.0174807545656697,0.0752235593650291,0.0619703495195343,0.0116885297644443,0.0142003498471659,0.0428246354137112,0.0155261325679812,0.0170199591038083,0.0341553861061207,0.0384757018937473,0.0224342405012824,0.0462562201222689,0.0193519651351197,0.0205319807548949,0.0201418601446107,0.0317146127370987,0.0271625776884417,0.0513038756222073,0.0269316249370271,0.0365719832470684,0.0311090490691464,0.0227181777220114,0.032214414805921,0.0190805534946384,0.0327127362403377,0.041986868623909,0.0699238740108439,0.0399953329358044,0.0283824796149985,0.0273105621088621,0.0188097578724726,0.0376953625185395,0.0323806001249041,0.0297789541040549,0.0481971136996728,0.0484673595424586,0.0181788899710276,0.0439642728896206,0.0208571245687521,0.0193320181967935,0.0336924272064415,0.0365407162085359,0.0347008064682474,0.0426374585395754,0.0381092959004102,0.0257738632567101,0.016784625142236,0.0289261532296867,0.0299577375552206,0.0282233711503901,0.0211479079293966,0.0271455858574825,0.0326932564766091,0.0638873570551317,0.018363525247759,0.0354104386315434,0.050454560970513,0.0645852550118085,0.0336198599198282,0.0270765514337598,0.0396536786798763,0.0332405206599078,0.0449308474457403,0.0330417191813121,0.0270240419306046,0.0267928373220874,0.0289432468649723,0.032023753219859,0.0463295866068431,0.0631972940195944,0.0344434357175332,0.0303419822042137,0.0393940730713504,0.0263182608823459,0.0172892490081643,0.0251502688362797,0.0280384912490605,0.0219647217514831,0.0264543843081954,0.0116185778038801,0.0362605948444691,0.0675780973878045,0.0219462372441649,0.0150117433813096,0.0510298163595459,0.0218876376260499,0.0311361935068924,0.0570976332539567,0.00528735393453263,0.0422048567842536,0.0449911674649271,0.0320585771788691,0.0344939471897138,0.014801147610273,0.0261916154761211,0.026427149557231,0.056213528570284,0.0369732549103253,0.0334988930804541,0.0418202000727507,0.0124323682315202,0.0373484900763361,0.0421033288088442,0.0554623953332258,0.0251239637074062,0.0217924932057952,0.0447195900322557,0.0243717822797058,0.0441547008961862,0.0330505482255282,0.0311676709213157,0.0314861201482865,0.0749106175768164,0.025575386288322,0.033446466901483,0.0297863568705357,0.024829042563112,0.0139744380512546,0.0325771260606986,0.0296509758407111,0.0725021033180784,0.0266003372165605,0.0308354614446786,0.0243849746427737,0.0518150905653067,0.0294868212642975,0.00970689213640728,0.0161720924519957,0.0461411961407296,0.025909218861921,0.0204761911936678,0.0239516869102551,0.0257688155644427,0.0412658863703811,0.0411573482510553,0.0340619256844771,0.0228806796406771,0.0555345325406163,0.0244551796253192,0.0269817950972131,0.0254125960649435,0.0201815411147148,0.0595214232688134,0.0275999050861046,0.0386121642112293,0.0274850587444219,0.0086557904289963,0.0324655127758482,0.015627699545444,0.0233842191645638,0.0324324261045359,0.0133614413687725,0.0325064990544113,0.0253955374207671,0.0623816646204464,0.0223470546358374,0.0625412763381994,0.0347609156979877,0.0591493580162573,0.0465198373970992,0.0227042047050338,0.0329733594878155,0.0288953309595493,0.0359326687477433,0.0289914576341235,0.0238111890107941,0.0252390496553682,0.0141004658078489,0.0392148616845547,0.0328725011578672,0.02892261963176,0.0544264778317609,0.0336647617479096,0.043486545121671,0.0364082562853057,0.0277204906683928,0.0645538118405065,0.0394827709399352,0.0330790281373815,0.0513839070170714,0.0157395851326141,0.0228702455574575,0.0340385989800934,0.0524471319677381,0.0589306854664938,0.0378596930496611,0.028134827067243,0.0491663786448674,0.0470485098443158,0.0473287054662482,0.0341761512542379,0.020203908289134,0.0551181989139388,0.0203543879235244,0.0367616919967803,0.0558455848928667,0.0238258734312279,0.0518928498637553,0.0336743161038207,0.0286116455856678,0.0154125805019481,0.0609743626229598,0.0221103536305722,0.0428494032026956,0.0244857607175559,0.0218437117133579,0.0641565808036923,0.0159382056174647,0.0391076543571332,0.0497436953824706,0.0222421024045119,0.0456283388372334,0.025831233338775,0.0341299845202327,0.0138192787290185,0.043861453132216,0.0638503914715005,0.0533006112983061,0.0282660685543737,0.0294989789224182,0.012645829565204,0.0370237254407235,0.0140308970311632,0.0641947905761697,0.0322121494712468,0.0387500926204627,0.0321645464867824,0.0709097055354791,0.0375241137214067,0.0348699465868818,0.0255050467961983,0.0362457832223558,0.0340204550642618,0.0557970708778553,0.0177967811324104,0.0124088330819381,0.0124697944598381,0.0223829675671251,0.0562698579607666,0.025536530103385,0.0640389556953504,0.0256488095377518,0.0252688797001537,0.0840629819540164,0.0567369575945436,0.0305631573329793,0.0203590714440524,0.034562589622898,0.0267077325983727,0.0232422996811683,0.0701687295142926,0.0379129918186029,0.025960029404911,0.0396287507621884,0.0222016902936398,0.0315041309490529,0.0555442656917044,0.024226791108559,0.0510825636267045,0.0581943373213332,0.0579073772221204,0.045695773313272,0.0327559903004589,0.034514241866003,0.0357829582927286,0.106510162136516,0.0115518159670189,0.0328305024435299,0.0415303846181584,0.0336521317414855,0.013646941268809,0.0314591279186073,0.0417210577778239,0.0308765477375885,0.0354974024143634,0.0237103317288792,0.0233176008919113,0.0525519272317557,0.0229348334904262,0.0252474488641652,0.0288101363794274,0.0269992108790338,0.0331534951580803,0.0436804640446304,0.0530247059913047,0.0290279265418577,0.0459436013727957,0.0325955637389763,0.044050400939877,0.0196079214877124,0.0188691721623935,0.0242120175683995,0.0315198711520269,0.0554999574468424,0.0182915247426848,0.0321475352657196,0.0492518145276139,0.0417053453709686,0.0175857622503616,0.0270691288794451,0.0333226476001495,0.0300911693350746,0.0346597458249356,0.028533182508632,0.0121281422917508,0.0263147112039418,0.022573390842718,0.0427650579482353,0.0190170479643159,0.0458979417571257,0.0243498364177534,0.0080226421205893,0.0477215795215361,0.023948961787827,0.0588997736751573,0.0470845970812852,0.0462635146315217,0.0163191504174019,0.026913567086753,0.0119260854374175,0.028034796825514,0.0441112253015439,0.0190979233479409,0.0289906113544709,0.0319969434499546,0.0482079560585011,0.0296539057997378,0.0371548123310546,0.0361423519574489,0.0336841884349909,0.0149674782449053,0.0243058672813501,0.0390371955824879,0.014626898302298,0.0237014005769666,0.0515688660298933,0.0131985363776786,0.0191969987870498,0.0355064393534179,0.034706819355768,0.0353667852445147,0.0475347979763744,0.0157804134414896,0.01950628786434,0.0240829972063844,0.0139569192599414,0.0384097193216987,0.0506582005513247,0.0448032508551958,0.045320609173938,0.0252232491625973,0.0138994238898197,0.0324003629230741,0.0271931473041436,0.0294739875218702,0.0253734419999188,0.0312192697071859,0.0258575568686509,0.0578631064504753,0.036245509754911,0.0276204433405134,0.0592726615938502,0.017312361796744,0.0252222409468509,0.0299792173906698,0.0184099491453703,0.0308980804641038,0.0405119826878725,0.0155648625120007,0.0236657497678222,0.0574177765175049,0.025207823857508,0.0288052775348541,0.0269977731916444,0.0701830273981657,0.03813692771397,0.0250892528454028,0.0378742668733423,0.0195485309398296,0.0337574353411031,0.0392886602852919,0.0162238529178305,0.0257414725425145,0.0489898674161421,0.0432273311255179,0.058477274303736,0.0375177989542294,0.0314829345196899,0.0390051848198252,0.0429671977904282,0.0342019749802057,0.0460961392106038,0.0451273792771721,0.0407179936982162,0.0512540112946923,0.00586221875519511,0.0265296128918577,0.0314075005677188,0.016484063035058,0.025554175535993,0.0453440007747251,0.0455107675192887,0.0264988566781289,0.0227383663804362,0.0318690884170484,0.045678813865931,0.0387729456003074,0.0258548244313629,0.047606884688564,0.0230893022582052,0.0250308324524484,0.0181526681570502,0.027205644476674,0.0286244142087671,0.0307148389835297,0.0104468005403626,0.0283528081520553,0.0342131174067859,0.0569733150083023,0.0500339194125817,0.0328446592069016,0.0241566876314839,0.0978596516111225,0.0219193269030827,0.0214399901653124,0.0415319734882176,0.0237644807333615,0.0264773730968988,0.0569545436081145,0.0636725960972671,0.0455854964378584,0.0266269226842464,0.0155823956941442,0.0252135171866947,0.0255013336771107,0.0188482445788017,0.055021811328131,0.0397078362093304,0.0246264519051066,0.0658539453177347,0.023906465074548,0.0377018981885178,0.0156798413841486,0.0223658011911161,0.0590195292997396,0.0334601667517538,0.0603569010430213,0.0628103530897192,0.0268425556514657,0.0304190503644177,0.0258824319828297,0.0365699119158479,0.0490783696770482,0.0385155821106799,0.0322951294580572,0.0554047380981213,0.0231501240663869,0.0249881539768757,0.0866112596427645,0.0217746931233257,0.0464024243248765,0.0302368663412003,0.0381633943688197,0.0470422955213388,0.0604507138122739,0.0243422556761064,0.0215248644915129,0.0263802630058747,0.0375357057467397,0.0965500854282487,0.0407267676118008,0.0166289954181237,0.0301729804585203,0.038048308123755,0.045572706590619,0.0346101848227199,0.036796459958635,0.0354174637745728,0.0262364490331052,0.0451606031035,0.0637591047133038,0.0123140759457771,0.0267921285543528,0.0421350766894191,0.0164820767090601,0.0137904007012857,0.0332127305809005,0.062462876733769,0.0348858649093501,0.0310630313858066,0.0634362354791339,0.0262781019121063,0.0559452853926903,0.0233103150288005,0.0444399815089397,0.0423755429002732,0.016844654618993,0.0259826830445613,0.0239481859658482,0.0303713235836317,0.0207536520383229,0.0337676488883696,0.028847525921255,0.0495470279364717,0.0406952287325138,0.0365004337338493,0.0426664927197428,0.0217149282223452,0.0299922333677857,0.0317064498895917,0.0217268680049291,0.0403531273096938,0.0240128915846951,0.0384870596826759,0.0463518762598852,0.030188337286478,0.0553322424914155,0.0494819139974494,0.0254587767408342,0.0240590354489793,0.0273285852868269,0.0264171225473321,0.036079668185964,0.0247902469142403,0.0254659109166836,0.0601321901753075,0.0254071153810377,0.0509049010345379,0.0444437459834118,0.0510440882365733,0.0781364044787233,0.0444515135287255,0.0464746486322246,0.0193091470268187,0.0250197172816096,0.0263385520120569,0.0186481050702694,0.0482199489826848,0.0323075741619142,0.0069255222447247,0.0207534518576536,0.0175766236270216,0.0284183270928074,0.0410928608394478,0.0312910392596699,0.0466066523439912,0.0493542995257841,0.0408624022165102,0.0493438791536819,0.0317332579794383,0.0306363637171355,0.0415599684882128,0.0407992860626598,0.0429544281081962,0.0239071504740027,0.0418757894960511,0.0692576971237789,0.0609741137773156,0.0319659299760918,0.0396949932863245,0.0206398369762303,0.0321425763093149,0.0465752562456833,0.0139922156497839,0.0167102926268732,0.015428009231819,0.0318711360806821,0.0103789098104916,0.0268630234107416,0.0296679316035425,0.023099207435951,0.0438311823142996,0.0204480654657015,0.0239982017406233,0.0352456919671575,0.0388326542314768,0.0288871888231926,0.0338408984536641,0.0187338441312601,0.0290629468984836,0.0579471106882413,0.0133370072745179,0.0221503380752796,0.0189378623062128,0.0178778084780985,0.00730233071112868,0.0392319652770423,0.0261591023542512,0.0385365192935449,0.0683754489890776,0.0328914448460564,0.028268131978816,0.0534525266257101,0.0593008346263027,0.0235528108766003,0.0264050050714288,0.0204134558903886,0.0216530545185507,0.040869238229103,0.0169942247467994,0.0355492996035128,0.053287673603149,0.0305801772286724,0.0683327310558877,0.0205331860493312,0.0115956559322576,0.0219902343957474,0.0384438073336802,0.0102279997877367,0.0370200973965308,0.0227328760797025,0.0330182031361485,0.0171618790709635,0.0443855447125859,0.0426759218079458,0.0313447725312929,0.0609037681148704,0.0318109078383768,0.0689638753049774,0.0426770826021732,0.0238347737143947,0.0230618135759669,0.0202881961741068,0.0281947370644549,0.0431371263021739,0.0277052457560932,0.0270068613540795,0.0603145657047957,0.0237020479116596,0.0254734405011941,0.0352446903496498,0.0149405641511908,0.0236039749694471,0.0539975119769596,0.0141194489490458,0.0103842707638759,0.0382168745703117,0.0231381712213328,0.0389124960093844,0.0260643494440035,0.0256040882180923,0.013350164111882,0.05481285748489,0.0345956797103951,0.0387361298148338,0.042935808779551,0.0142872296324116,0.0160133603176024,0.0249821096158517,0.0392262785325816,0.0226975034861819,0.0169777942326666,0.0435878642241744,0.0179487398038102,0.0337009722034339,0.03024306018327,0.0288339640279882,0.0206205330895334,0.013438012459571,0.0436978786775051,0.0429696505366591,0.020685665307025,0.0514644400688451,0.0231697339048675,0.045195605344211,0.0344412111464906,0.0241724430656546,0.0346117785211271,0.0323992946480967,0.040739855952148,0.0285847139798898,0.0573465462471728,0.0398109374477121,0.0273067202790078,0.0418365343868276,0.0230137650980175,0.0173883446349304,0.0430478576437641,0.0253288373683941,0.0359512449505571,0.0412622135510029,0.0378699057832042,0.0219343652350673,0.0268562608380598,0.0739437727204944,0.0415906997298415,0.0564857816757411,0.0360253883010598,0.0233206581570336,0.0436016843315524,0.0348415683574707,0.0211323772078713,0.0286487084624846,0.0476992834546343,0.0221430857500183,0.0267227025250563,0.0325951850910929,0.018196567277184,0.0203730387899549,0.0350129059844802,0.0330052284982561,0.0425016490846283,0.0421795563755702,0.0340791902845382,0.0323301830917747,0.0375737020886904,0.0366996076375782,0.0269883971045229,0.0274294757429824,0.0415413282071273,0.0333439530872335,0.0269141872346167,0.0416177495364902,0.0353748679861652,0.0277649306880955,0.0268083365941654,0.0175376045733482,0.0602013018495211,0.0456279260879773,0.0371051794106713,0.0111621341053579,0.0273218214400896,0.0222692143444533,0.0168463303452438,0.032642902501923,0.0384579188674239,0.0287081045860224,0.0323975375165022,0.0438603349183448,0.0286801456520918,0.041481642586528,0.0315426298587047,0.0380938897601746,0.0194618312543517,0.0263035790628734,0.0565506265038983,0.0305302209921965,0.0457099000415645,0.0402059401805661,0.0496301064727191,0.0380199424638767,0.0501826842896172,0.0326677815679648,0.0332689025404917,0.00982318449873078,0.0325777026204455,0.0468516525488825,0.0257531603669364,0.0308704009984779,0.023473512222576,0.0292238811254119,0.0271045798714402,0.0273311821234855,0.022334312002928,0.0530441761154351,0.0492287974690546,0.0478826052347778,0.0181193407284612,0.0409178020795447,0.035787531104144,0.0370398008775741,0.0198895347739877,0.0108627316719773,0.0350756513959031,0.037238322930464,0.0543966494041242,0.0488870078596492,0.0565161598542743,0.0199683438412667,0.0255178687011474,0.035716751279696,0.0258279101953218,0.0299245920936938,0.0097122573407058,0.0161241719713628,0.044291644484618,0.0279988025213668,0.0380842913922896,0.0217644785707136,0.0439695930839177,0.0289635234313477,0.020450594930679,0.0315887071496057,0.0203636818666815,0.0191191466631427,0.0579040992192966,0.0477256303562835,0.0180435089640365,0.027790895200477,0.0313732678027037,0.0326709418878445,0.0223336501811339,0.0410417843857509,0.0270428899579663,0.105865322069823,0.0265076637706818,0.0330528358398121,0.027975829141905,0.022444842365797,0.0291910377823921,0.0183303288723449,0.0179462342836348,0.0240155064985215,0.0471405865862188,0.0518111275745498,0.0398977803373767,0.0335249049600954,0.035331729017966,0.0306386083830136,0.0312488128791398,0.0465671407891285,0.0590564230753019,0.0378523213551567,0.0402799214801523,0.0337427824238418,0.0252053820534188,0.020802425309397,0.01893387757489,0.0319234488565911,0.0197631589862126,0.0260395900668241,0.0100004100853756,0.0486535707722131,0.0519944944446345,0.00436004929148246,0.0452538548231481,0.0558081505337454,0.0708353442743085,0.0570332309646453,0.0165535031915079,0.0257488835057762,0.0415988214633402,0.0395148726647342,0.0408116622924839,0.0332398000527956,0.0412015049988866,0.0110497093445771,0.0232656012953159,0.022970276702022,0.0247742657457499,0.0220617856015767,0.0397005272948313,0.0239234956919412,0.0572248560183955,0.0580187649159027,0.0172854109631913,0.0198087878620281,0.0360208664788677,0.0376906880528128,0.0336265705907849,0.0677025119676295,0.019544005048787,0.031471992205451,0.0579255197459375,0.0235794859310697,0.0437739495710984,0.0144842785188729,0.0632127250278473,0.0618439687293143,0.0537411833071736,0.0323631280727895,0.0218141682119258,0.0257102010704498,0.0246712973625952,0.0406114663463041,0.0251281828732756,0.0259602137160018,0.0365432309293469,0.0444711599731739,0.0348808197026015,0.0328733836850691,0.0438022290854361,0.102840377602052,0.0253159193853182,0.0392346423024651,0.0607753248850412,0.0257896888197684,0.0485615948140615,0.020183065355063,0.0192013474126924,0.0250290347301584,0.0797726317322921,0.0436672041949056,0.0250013572740067,0.0344756656809227,0.0268658813178222,0.0341851943243813,0.0155184209019756,0.0242922906436914,0.0242698488590446,0.0338084234545926,0.0136847689223102,0.0363119441292116,0.0287616623712369,0.0174635270982731,0.0228291624883988,0.0360862941691002,0.045697903657869,0.0164884440977795,0.0235849765789334,0.0191213725808919,0.0480963880805227,0.026453014222415,0.0207573788313645,0.0108092646291471,0.0403755556951344,0.0206884505765645,0.0255546137950917,0.0231562939269827,0.0369732319551513,0.0481051631744518,0.0647156203398091,0.0524496048359505,0.0554392478670835,0.0432217661992501,0.0426290625985421,0.0400519675732341,0.0236874028633156,0.0181916172418608,0.0563504530874816,0.0521399008769645,0.0225983094486053,0.0437415029047548,0.0183085066640478,0.0379660375827513,0.0267576131500732,0.0590164834657767,0.044687150696042,0.0789256051322167,0.0198336590309116,0.0267657190630628,0.0737128426036051,0.0180822847815819,0.035706148135812,0.0339603531079609,0.0280147487525136,0.0204051592677315,0.0546293429400798,0.0506766111996011,0.031690050482983,0.0298050191921709,0.0446549969636175,0.0620918409655512,0.0229905356652429,0.0307164296600637,0.0558130609369042,0.0451105883981897,0.0179945874808109,0.0146639552164677,0.0210934134508814,0.0363672946571954,0.0423735427258618,0.053234499614594,0.0445911269375225,0.0744363759772766,0.0289974634724572,0.0311049646851624,0.0255588374474707,0.0366312035021474,0.016945202028351,0.0616504540617061,0.0338191693321735,0.0602125536691051,0.0359416861622895,0.0291646660974681,0.0397162647970684,0.0314849869265702,0.0385912907409372,0.0248205029832166,0.0313279685959951,0.0114347178531195,0.0403129652148903,0.0429395258433122,0.0216335617027587,0.041046025699578,0.0253446642556977,0.0485397474320918,0.0260496531674952,0.055200132887926,0.0418396706241592,0.0250583686427849,0.0265322641130699,0.0476066028311665,0.0625610321758469,0.0341046629300917,0.0220994367362701,0.0284481407021833,0.0364329338815818,0.0322860379009874,0.0263559160980826,0.0176053026237981,0.0246384470362276,0.0915212528045429,0.0271540130129593,0.0483121061167327,0.050302323461848,0.0345501484714793,0.0412906313699969,0.00913741402179439,0.041269378569717,0.0448302906621601,0.0555812630478606,0.0471388213893282,0.0561685542629632,0.0310599007644589,0.0611747610639125,0.0269512776548953,0.0617860434859834,0.0338062558694767,0.071814213996011,0.0828204464319801,0.0513368337870649,0.012242809322073,0.0255001160547553,0.024797235061734,0.0277516834962479,0.0250198884958072,0.0239029092559073,0.0369744168476919,0.0280367760818558,0.0419944298125161,0.0245723682458234,0.0564927573082002,0.0234181267168443,0.0114613938085441,0.0170424763224075,0.0331895875295504,0.0182351672270074,0.0217691933506533,0.0240885008220791,0.0373752122645569,0.0201611517521401,0.0312172477362481,0.0388525022116403,0.0179311871388154,0.0125281217382682,0.033804280178293,0.0229782344308396,0.0225861441056886,0.0211800323736549,0.0318897320614505,0.0173770575910167,0.0304056339677013,0.019585828435109,0.0201657366686523,0.028246008307685,0.0568856734332344,0.0644349376293898,0.0327101824628612,0.0301138150361386,0.0111168035882356,0.0266827763010609,0.0468483505015527,0.076809744157971,0.0265732184530565,0.0340618261766952,0.0457053592508159,0.0542268191345416,0.0360132160440726,0.0160618404701634,0.0239553850956656,0.0282831052527095,0.0410247086392112,0.0752664555703471,0.0228320288744987,0.032230607322837,0.0432358856480392,0.0210285536238317,0.0466850648639344,0.0288448903063217,0.0297200551167946,0.028827154435499,0.0365181956880806,0.0342224712556088,0.0382940459988796,0.0423719650516775,0.0244118631468105,0.0460556940700031,0.0301164974127039,0.0460592424489595,0.0478748514528826,0.035274066817186,0.0203389244258852,0.0184887271953474,0.0512489586759162,0.0427700630168015,0.0518189679262358,0.0168301613349349,0.0356972627768908,0.0359709315079216,0.0504052770398633,0.0189578600060191,0.0216945591813075,0.0324762770638133,0.0612412736421407,0.0163003650151968,0.030987192411587,0.0302577275353193,0.0215815696293379,0.0247971112018613,0.0441352317598673,0.0489656497193261,0.0199207841318149,0.0267832812755387,0.0461664499111892,0.0195884255119987,0.0261924969261844,0.026617725391139,0.0253698006713885,0.0324679874789576,0.0142013364474337,0.0322355751875464,0.033298667977424,0.0668590558317526,0.0260530055878107,0.0343110942769157,0.0195711555309272,0.0298729469900066,0.0413666145079175,0.035738869341391,0.0216020793187764,0.0291312642793489,0.0416897934849031,0.0538117093059926,0.0322519808465558,0.0333883781690621,0.0425275148961775,0.0570458468446809,0.0251539784998186,0.0414036581052913,0.0501604438510959,0.0195130469013076,0.00663867738308797,0.0185053941920323,0.0368229921265457,0.0241515046381416,0.0509083436278033,0.0171230614198982,0.0208412565899012,0.0334806427339134,0.0391416360864724,0.0233142926308712,0.0208342313820364,0.0268829515270928,0.0421501368560763,0.0394032983772102,0.0162728999306619,0.0261584218066366,0.0576913189174705,0.0311413604749346,0.023847521502238,0.026252210259429,0.0487193301059292,0.0108083857704168,0.00929714305344237,0.0204165643299273,0.0336547321003817,0.0377110120407241,0.0631961335097237,0.0477218106889422,0.0213821191139661,0.0686928957850441,0.0215503374529614,0.0377417907501079,0.0434039777287892,0.035304657943012,0.0232518755300537,0.0675766641348067,0.0292545641723445,0.0494153931011324,0.0296388584677859,0.0328525403394893,0.025145293903951,0.0138013483905093,0.0455374637010494,0.0188869362185503,0.0700096986953378,0.0522395402412125,0.0105326864222672,0.0313650639163164,0.0167596740390282,0.0147997317305212,0.0445367868373869,0.012920204028021,0.0322704316750824,0.0337684382486956,0.0394997025855972,0.0424102167799511,0.0386584260331859,0.086539882258541,0.0230736180142725,0.0259291630246699,0.0503234620003814,0.0483065826912603,0.0269159882022182,0.0294508712182786,0.0509297185447045,0.0307207518607688,0.0178283990279488,0.0273887758736099,0.0404962156411844,0.0142148455547836,0.0374621403604273,0.029133933554899,0.0385882104737038,0.0267099663227552,0.0220396561195728,0.0359042777107354,0.0206142136434012,0.0387278483881609,0.0290111338256847,0.0617855134014543,0.0171686983886115,0.0462416857803009,0.0285556376025586,0.0377170251276275,0.0695989008293987,0.0249966469351689,0.0188565109474957,0.0681310384028944,0.0512995554378745,0.0211401958185469,0.0180347460810673,0.0387666337220005,0.0733253404865202,0.0169215102560033,0.0395022492323316,0.0411490002892563,0.0195900856536896,0.0332860981081547,0.0439005675234753,0.0389316777299642,0.0316804088704449,0.0366008999176993,0.0362325645561918,0.0176278820467361,0.0347353082762999,0.033935020049551,0.0374045396854159,0.0193050038920443,0.0459162758179337,0.0186938141315885,0.0196229952889448,0.0354858497683051,0.0323555378441016,0.0318102766430177,0.0274480809005557,0.0351761373894637,0.0540109666410191,0.0276898085534312,0.039035903948562,0.0172315380838314,0.0255842794263177,0.0579277215655846,0.0336444745616358,0.0255850573799426,0.0143777036143677,0.030939568408023,0.0190113707354798,0.0417774338032303,0.03022706939497,0.0182358848108231,0.0212880002331631,0.0121635575677813,0.0177438916898401,0.0325624304833046,0.0479088280661169,0.0251866463475749,0.0747793461513986,0.0278996365024766,0.0257066321851248,0.0310446375527943,0.0278409901843453,0.0330630888440062,0.0389733386678548,0.0366206075967884,0.0488184210164055,0.0188867577089521,0.0584108857985774,0.0373948215058759,0.0513056635612186,0.0327190494791918,0.0328170933335425,0.0237538825895263,0.0413742228198534,0.00998675464380957,0.0247778570818786,0.0570513072290512,0.0530440574749494,0.0339125581827895,0.0195737261576879,0.0548188775037761,0.0470789802140058,0.0263100043168594,0.0272187977896044,0.0333184831550381,0.014137978982763,0.0292868283853527,0.0405232851676428,0.02163257329142,0.0226711649625981,0.056658927525312,0.013335014976356,0.0266766303325609,0.016990709556041,0.0394357195003694,0.0442941063927671,0.0246120731641393,0.0432645373981876,0.0646999754017609,0.0146453917376053,0.0263549175728655,0.035322855241886,0.0111170436750402,0.0401465264645902,0.0206957015815464,0.0284683667602049,0.0249928486101682,0.038859170176297,0.0493982844610704,0.0206775221569123,0.0305541238227204,0.0356408596131826,0.0248194064680417,0.0643752046767709,0.0363770594711181,0.0229050819362127,0.0277223792543258,0.0526321527056472,0.0410199984754264,0.0359954352442818,0.0406902734491993,0.032914937194767,0.0409666514521062,0.0593345350544413,0.0405400786145873,0.0206651496952065,0.0597686832751623,0.0241736448914101,0.0515711388570317,0.0355896497322355,0.00743328211424316,0.024342957563602,0.0203243278939623,0.038257133802876,0.0182420856221085,0.0439997560536559,0.0305631492585394,0.0426225166400394,0.0787526680123885,0.0590857892494234,0.0360148420274992,0.0281254189189004,0.0332348234324667,0.0297024100361317,0.0232374021674797,0.0154733951850789,0.0268181255615444,0.018813472296086,0.0270873918710488,0.0396354766530303,0.0528605969115392,0.0104441496136927,0.00796604341396989,0.0237047621880949,0.0718007486588024,0.024834581437191,0.0277253044182828,0.0207059654253027,0.0246149065206467,0.0455287084930786,0.0406742475798705,0.0446595497582119,0.0148565257702887,0.0264430436397906,0.0388209580394641,0.0102857606659033,0.0222871444989342,0.0803914855195917,0.0247442813096785,0.0457702815961801,0.0257245503770653,0.0200751203142178,0.0273907673864191,0.0548438579547342,0.0180019701611114,0.0291966887623368,0.090541002635908,0.0261224759824014,0.022669337784586,0.0648952577799943,0.0413358061065599,0.0416471016276058,0.0320940633213009,0.0341383080380306,0.0198876602965228,0.036578046145003,0.0209184471916592,0.0268952072055122,0.0320757297242944,0.034203950195945,0.0263060878923485,0.0211103619005846,0.032309911205488,0.0360755368734413,0.0237859634934658,0.0589756918508411,0.0246310144669403,0.072842459543854,0.0227036491989732,0.044081902112631,0.0741371742251162,0.0202489724764356,0.0283162859493773,0.0327396722556278,0.0428449444638275,0.0376644706641748,0.021307095126648,0.023350048327457,0.0279546293192868,0.0371057728446519,0.0327155585277474,0.0326021391562691,0.0199903161205119,0.0249681148899823,0.074388452116892,0.0186748026853824,0.0193160320832926,0.044787953864238,0.0724345322654658,0.0301567614011763,0.0227188335991649,0.0215046494873121,0.0121949272375535,0.0442615355267362,0.00599706115778679,0.0477170028146296,0.0573716824764596,0.0375460596120863,0.0359147289660841,0.0278100917102578,0.0373232927538251,0.0117006665757728,0.0282923308154804,0.0156227078981697,0.0225376477643424,0.0230822384855933,0.045495797873884,0.0422545341440096,0.0243073487122792,0.0515207678165437,0.0472245919808999,0.0270159493814732,0.0278849548872778,0.12029303423482,0.0426226370176299,0.0293340361692585,0.0460363467120903,0.0162693114125422,0.0388042083463879,0.020875040850191,0.0332440991270891,0.0189382336002539,0.0189932702287366,0.0351429028717928,0.0300994028952205,0.0199329661688226,0.023611421016038,0.0447553925970394,0.0159057230322563,0.0277790965973359,0.036015590857797,0.0461043925532771,0.0472770054120382,0.0551053666198874,0.0313458654198425,0.0348974767443766,0.0737658427993729,0.022216949473479,0.0389501298125186,0.0514365480935989,0.0341007371290652,0.020956435266199,0.0103397350324726,0.0539062923628414,0.0421606380764601,0.0183663503446106,0.0303610162467502,0.0303617069398556,0.0226706840774606,0.0322051192325962,0.0554676078474723,0.0356935651174147,0.0280014735447428,0.0177665578935005,0.052128115802553,0.0363726564993713,0.023930985473736,0.0495248341947639,0.0383883757285128,0.029249563841544,0.0277421785654449,0.0391115686865453,0.0418540008000401,0.0308532471230909,0.0290154667132932,0.0280220702183635,0.0415978541911329,0.0177801557195028,0.0729292072177723,0.0394084489948687,0.035653895657134,0.017671099013067,0.0512788437733888,0.0190169314532591,0.0190680328562901,0.0375402629558481,0.0263199033586776,0.0352417673414996,0.0345492552731624,0.0399196472846625,0.0216566540626646,0.0215164268142414,0.0220180262326694,0.0255944802177342,0.0312886636730753,0.0303670499627293,0.0275787191633035,0.029302704816434,0.0294068074836172,0.013486539235987,0.0382842824046336,0.0256079501334123,0.0215386525004236,0.0343530972995467,0.0365340539081265,0.0170689924632488,0.0431815162044576,0.04744304892278,0.0210921822493928,0.0285019645016519,0.0176900745193746,0.0427910086126521,0.0478382557862035,0.0676037365694402,0.0502264377681921,0.034139804712072,0.0189498489368763,0.0343370506648086,0.033617008972024,0.0261237113644879,0.0410057013856866,0.0168834421937927,0.0376481800570913,0.0652338838388361,0.0641295225695544,0.0541897450296688,0.0300619208008401,0.0370439824359438,0.0384944061728168,0.0424876364699538,0.033193622118268,0.0247393763248632,0.012707210759538,0.0442453147905234,0.0124832950906406,0.038699116699034,0.017478613508188,0.0217904874698788,0.0326717531444919,0.0717898521842933,0.0349091902981503,0.0461507804519737,0.0236600004821533,0.0315916651201927,0.0226587575672921,0.0332024797416663,0.0279855209727817,0.0187196219170248,0.0481329654400121,0.0124002021167096,0.0521357689863012,0.0429281431926676,0.0493431268492762,0.0437326039853424,0.0418235083257769,0.0444797142734784,0.0531059977360703,0.0370897276630188,0.0324164484920625,0.0441142032307636,0.0277790278070354,0.034134251473883,0.022339307312168,0.0307620033136227,0.0479785659361909,0.010520009632318,0.0361898959066232,0.026828701415443,0.0220208874617355,0.038560438920571,0.0589412980771327,0.043875856821315,0.05143046018092,0.0405950460160035,0.0339147470358762,0.0141448378928605,0.0294460532363982,0.0597125077183237,0.0621516843250802,0.015482340220134,0.0256297293982016,0.0182838220262836,0.0743767183401016,0.0195606972337341,0.0455601605821946,0.0183513621107648,0.0347002143602299,0.0615657263548091,0.0729844290580143,0.0333358912759005,0.0149282039762945,0.0519097180341606,0.0182253016415529,0.0360368702958773,0.0445046090516038,0.0314806155830434,0.0356904098221936,0.0444486707504774,0.0419557522981578,0.0206611222939977,0.0229854389283236,0.00948112048138252,0.0373906993976724,0.0401589389289847,0.0215702516758643,0.0179058178957005,0.0243395886710996,0.0208451173016504,0.0333382213373109,0.0411712845314091,0.0659563839744991,0.021549756970579,0.0316608924631721,0.0190630954488864,0.0452806605663219,0.0379046950541,0.0540332804393192,0.0227515561016838,0.041755887315011,0.0226204084501456,0.0206630101189273,0.0296776527664872,0.0440206577775054,0.0187304608219185,0.0432637080725634,0.0384706796205116,0.0252658795145133,0.0293539035090659,0.0819935386805935,0.0348357796887174,0.0319818256899265,0.0448672066810401,0.061388008762232,0.0269468552264812,0.0632526118333139,0.0342213741488174,0.0191786649768523,0.0402840640360786,0.0200300982214628,0.0350397846632641,0.062304098897146,0.0336827959493816,0.0258595258289039,0.026434856200865,0.0275922618101919,0.0359235631712521,0.0360863246895298,0.0233324566985354,0.0281230912162262,0.0279900334361733,0.0451760547276043,0.035738728981028,0.0463389566285427,0.0427387872293799,0.0202985876727291,0.0234622926908151,0.037815273118802,0.0413673109429201,0.0356747459369073,0.0260385572301961,0.0337541849538704,0.0349213017357003,0.042321922327309,0.0451459980138926,0.0166459307714719,0.0421079939575523,0.0222972238678965,0.0375590100016979,0.0462543419856049,0.0487855268242723,0.0158378765699172,0.0252194017010642,0.0365182407465641,0.0347461938419359,0.0423162966350245,0.0272264716500494,0.0386141202343125,0.0314685158437559,0.0197653255482772,0.0154982018799504,0.0378049135251301,0.0236681978280543,0.0404473195885302,0.0239821220837779,0.0223083217876738,0.0496321430551175,0.037337279974551,0.02125613002207,0.0292246390949886,0.0262076114839409,0.0416500441651338,0.0175290246540329,0.0158513439338872,0.0455757415315582,0.0244209048883983,0.03133421311108,0.0311918971449612,0.0232996661713943,0.0326861997311862,0.0225787229713649,0.0258322458667147,0.0579795455032844,0.0237195012953977,0.0395866374407911,0.0315644009607586,0.0452853520773117,0.0428090002070664,0.0319206933399391,0.0114493288662518,0.0385000227231305,0.0233607648899714,0.0207344533770635,0.0305243535992991,0.0161800542852124,0.0327832157769999,0.0163572103641347,0.0248326666035225,0.0243517557897073,0.0142595782106733,0.0298035940160712,0.0431158508056528,0.0350135696641091,0.037886448976699,0.0558162617709154,0.0362940790262447,0.0267290371255311,0.0577190021303716,0.0296130990290046,0.0227418531552206,0.0197056422358738,0.0362160640327078,0.0345638282746024,0.0180459450767594,0.0518352682005179,0.0294121459940288,0.0236060561621483,0.0292354944343021,0.0163586482332111,0.0298818757998372,0.0728860043675741,0.0333756273086971,0.0289964152186091,0.0471350708022049,0.0190221587157887,0.0408680862850713,0.0181001939816253,0.0290125922273579,0.0458088869678951,0.0197175248431057,0.066026113609555,0.0281754403608938,0.0259224178116482,0.0211214958273003,0.0133412239057837,0.02885936374815,0.062129600643748,0.0164027356479358,0.038274622808441,0.0411259086196808,0.0106906812302264,0.0276339233868297,0.0461243193842043,0.0447665212819949,0.0358903416924038,0.0390509078066352,0.0434269564017916,0.0171212182956065,0.0182618420045765,0.0369066409513001,0.0237021820143663,0.0232294555861784,0.0277372406098705,0.0532677211990336,0.036418786609213,0.0373009826328059,0.0389550707178481,0.0350400258944695,0.0317725579508966,0.0344030748166627,0.0264094818243228,0.0371885579990733,0.0320208241886664,0.0224952142003619,0.0305610856226577,0.0377681299636522,0.025258080327763,0.0418140476554715,0.0421676644069154,0.0382787238261428,0.0301676973577153,0.0498371310157959,0.0287431285391151,0.055605504598461,0.0216454159710962,0.057768217707035,0.0388377629201389,0.0394004347661496,0.0143969832699019,0.0175827639067402,0.0304997963631154,0.0284952550113982,0.0194073730202151,0.0203541782059862,0.024995592455028,0.0264313288098358,0.032207688013836,0.0327773600675264,0.0528264894756292,0.0225644178967737,0.0266859554745613,0.0350827544106777,0.0503443502046765,0.0191873894221658,0.0341818100188923,0.0350759391996601,0.0177370102157833,0.0865525110183241,0.0468535352174252,0.0418322884077837,0.0247385633851647,0.024171698488386,0.0160670903121766,0.0328045979054371,0.0357858364958371,0.0277306687706035,0.00948346518040936,0.00853699389836937,0.0507028875478488,0.0186936564132472,0.021710246092633,0.0386087201272311,0.0407642109975856,0.0273800897729497,0.0345860874494601,0.021766092065803,0.067017784039357,0.0453682592293572,0.0294002200761038,0.0225717931343587,0.0274355829968009,0.0709029327323187,0.0352652175506499,0.0385908276826695,0.0274108494861483,0.00955904948543015,0.0376340764887144,0.025040017152246,0.0520333360561215,0.0748394889991064,0.032907935497914,0.0474665152842525,0.036089083324355,0.03483789189036,0.016029297578569,0.0120868944791296,0.0368201051684093,0.0318793266489918,0.03497789247459,0.0261809216436255,0.0580667903740232,0.0735868579203928,0.0160654032407329,0.0224063087729118,0.0120310670738598,0.0388059184612731,0.0314632652017953,0.037143514749294,0.0459224468148278,0.0348014515448818,0.0319816650703831,0.0388985759299723,0.0331394443001459,0.0441395582144799,0.035541592714697,0.0263785889818415,0.0949325589665558,0.053156942334806,0.034952492379501,0.0348852757147464,0.0486790612212667,0.0206224463984383,0.00384534665472526,0.0160359188048603,0.0289440663464589,0.0317654452812209,0.0367077812752314,0.0327604715715325,0.0256641049828,0.0192140977075682,0.016060250245655,0.0257823511502837,0.0134226513668181,0.0218829736370272,0.017417402064422,0.0513951270149111,0.022965185695731,0.0200634214261907,0.0278364549480863,0.0331952054244392,0.0394562520354053,0.0427283665314227,0.0322279844633692,0.0255231762757513,0.0204916612022015,0.0171057409424345,0.0199624059480286,0.0465321091873947,0.024543883100578,0.0449146895600639,0.0242196857721651,0.0481015767563001,0.0359560158449214,0.0326706406994637,0.0320745659434071,0.0337102835349489,0.0350843931937034,0.0369479619271278,0.0516115764213259,0.0267436348500221,0.0148073836032325,0.0284988116494537,0.0446547620508088,0.0305969701551296,0.0658965279430675,0.0229872669060757,0.0431758057875613,0.0239922072918812,0.0185574942414528,0.0207925412619973,0.0154788333612285,0.0347114267743497,0.018983676975712,0.0322187735291297,0.0346338211591969,0.0170562466519936,0.0371547308915637,0.0207120906694611,0.0299426246048549,0.0384666271417627,0.0460261510722945,0.0413019918258509,0.0183280268481512,0.023574834833277,0.0166526922908149,0.0546892302885736,0.0251850907859649,0.0210590868527698,0.0266889155424988,0.054042593596144,0.0464181378498985,0.0608879768763511,0.0522494209294081,0.0576107511990417,0.0377726260441279,0.0315728846905771,0.0263899273437354,0.0222167616280624,0.0213657541373199,0.0329084433498866,0.034836942066338,0.0184003767427503,0.027067964778676,0.0525886586963503,0.0285999557622832,0.0468156874186424,0.0335888388394183,0.0309741052702014,0.0168041760990369,0.0590549640017667,0.0441191126372348,0.0334140674791546,0.076937075447802,0.0206830419739946,0.103541053411796,0.02306080931058,0.0394600994119119,0.0444406357411861,0.0282705795747674,0.0560423269823856,0.0223720452690495,0.0489513361111064,0.0569352429523243,0.0230467381767204,0.05916427698779,0.0343152344059042,0.0185770393297066,0.0341245801328773,0.0455584339602441,0.0433065077699551,0.0420815579241387,0.0250354604625458,0.048093844306991,0.0309809915753778,0.0634025684087725,0.0366828776073413,0.0340833573719709,0.0201816883599947,0.0292406025735278,0.0447964197614687,0.0317713178754239,0.0412249761971645,0.0486631441798818,0.0151043233047582,0.0543575913874008,0.0324006838705366,0.0200556204029176,0.0268426663942959,0.0442595219985873,0.0249014263821801,0.0422762483328863,0.0326987569722859,0.059523634718676,0.0399542133556,0.0349564208773049,0.0193679061622665,0.0430280901908166,0.0431446230794743,0.010518040050807,0.0328735629620124,0.0346590992736996,0.072218016137327,0.0457338324929511,0.0103672444801146,0.00544748313139937,0.0351529403550875,0.0235233176415828,0.0575763457580601,0.0126329758285689,0.0251854071858082,0.0188412585228202,0.0202247756198225,0.0677864958721383,0.0590433988349516,0.0177551892421804,0.0157006924266084,0.0452473140901814,0.032456531849914,0.0604138288236266,0.0385400822319826,0.057887142299465,0.0205819447845294,0.0297958367637697,0.0149324930628967,0.0154606928302305,0.0327619708587439,0.0107071479179212,0.0203717812948759,0.0298335100981911,0.0380174197583723,0.0257314160078056,0.0528465015266533,0.0290939495578875,0.0352965288062115,0.0501444322361639,0.0382694973246006,0.0405424328965315,0.0181827058967341,0.0319793251440436,0.020785881976467,0.0615914674978851,0.0250754143223347,0.0323795506059229,0.0212540302816553,0.0459658572086201,0.0342126700559109,0.04001878959405,0.041846622838762,0.0416217756708426,0.0136014552281197,0.0220083149259704,0.0300722006139665,0.0336055114308778,0.0267886012393088,0.0398459082865312,0.0372047161121321,0.0490145803024381,0.0409206636776615,0.0403977287892933,0.0269181488606465,0.0314472178057072,0.0265951427938637,0.0418728289138751,0.0240996998586834,0.0227954858839681,0.0453668862325448,0.0286048344086686,0.0354861191138607,0.016712395543209,0.041697267273854,0.0465495927746925,0.0403046620850684,0.0553155727228974,0.047233850088844,0.0467911992415828,0.0174321160985631,0.0349583383775675,0.0480099966119226,0.0269473713085092,0.053461732234804,0.0330412850789611,0.0437398302538067,0.0445575957157559,0.0425279736199223,0.055516811506322,0.0353011860556675,0.0554507553931195,0.0230689467001992,0.0534083092249182,0.00344635307657095,0.0476429615360202,0.0152329141987571,0.0273794469696846,0.0768947730253195,0.0181638346638318,0.0135339638251974,0.0209849437270323,0.012832155211223,0.0272739559000217,0.0276226707971592,0.0271662596393104,0.0490876935431534,0.0277534820158714,0.050931672587875,0.0222735589981004,0.0339105947490153,0.0281115450695231,0.0438527697555402,0.0273967657913963,0.041183913286479,0.0142367771381205,0.0299037469579208,0.00684341974106832,0.0204378193696844,0.0509922221584596,0.0277802712206948,0.0281631773447032,0.0375544863639238,0.0244553487493345,0.0407724278143821,0.028651680286504,0.0244254603068842,0.0454889459930255,0.0201940285544972,0.0554861178097819,0.0292866184342314,0.030929927238342,0.0413684066763209,0.0326604142529834,0.0199128805592208,0.035117265484376,0.0496827131246764,0.038142517500002,0.0294432068672326,0.0346269174167666,0.01878684584352,0.0273263250398033,0.0379160867294286,0.045954519387576,0.0269363213902292,0.0501116011281534,0.0359257265536444,0.027981331237768,0.0323753088367752,0.0440168487244245,0.026015070826884,0.0485055209276169,0.0178974181423745,0.0239600037064464,0.0276595999095356,0.0573140008381263,0.0300667838308228,0.0246973688644993,0.0364794247499064,0.046252064622065,0.0365475021266642,0.0242071631484227,0.0315066104120349,0.0536483908942453,0.0499630735838415,0.0346349611265186,0.0397849640795023,0.0285174142269644,0.0341151829202455,0.0254816666686601,0.0133056325096425,0.0300533274208437,0.0532160727958158,0.0431795031207777,0.0624274925111686,0.0311385679891937,0.0497461411133296,0.0196036994246575,0.0260570689286641,0.0172257070785837,0.0879899199662114,0.0292406259581083,0.0438221880234937,0.0280068871626314,0.0235840601877261,0.0269457870884312,0.029997292928167,0.0186909051263508,0.065208413739165,0.0379748540256783,0.019940207599752,0.0400610897131994,0.016674285922211,0.024050694661627,0.00936900948752295,0.0242536755179494,0.0168088503750057,0.0441130298704138,0.0230721028835318,0.0306049403122374,0.0399495815468336,0.0396181326007703,0.0484342924678868,0.0173459767184108,0.029297046237005,0.0150240776510943,0.0273057727857448,0.039222879634966,0.0204336950771759,0.0951287991380098,0.0622934446788617,0.0280002361061689,0.0462507155281666,0.0223869672760457,0.0267163282670983,0.0166885490831967,0.0212473804991936,0.0271858264279133,0.0595884705129921,0.0153266544371046,0.0214956196016788,0.0491622078325866,0.0374304245183718,0.0192093553881767,0.0688322276015897,0.0396832338695674,0.012675673285221,0.0441664879083837,0.0172422487807076,0.0234026557299158,0.0239469775160265,0.0209703973878357,0.0317037303723327,0.0439231594408787,0.0362275159356416,0.0234407610568125,0.0342460712946421,0.0335566045859867,0.0391955942615022,0.032024786983887,0.0215893378513483,0.0450728609834854,0.0301740275560381,0.0492655642277646,0.0289912238228003,0.0301384116896999,0.0256178643582076,0.0168986745689892,0.0142652396225987,0.0258870256659837,0.032568593346441,0.0178316616664274,0.013718383682706,0.036809583486176,0.0641294811178723,0.0193968395503463,0.0456327470752198,0.0400708557050003,0.0390690083617443,0.0133407200118929,0.0332101649891852,0.0306492807742067,0.0288274431181799,0.0314977491906274,0.0340414824052458,0.037392548624576,0.0481064835807382,0.0221239354634595,0.0774138025211032,0.0349685959994821,0.0187502031473434,0.0346878458168142,0.0273498997121065,0.0313285717985465,0.0528917806596304,0.0421858478065435,0.0831722014437477,0.0341388137414475,0.0338403630918907,0.0304960589615453,0.0508383423924948,0.0463522283023472,0.0292813477183333,0.0228891885759117,0.0205267281835716,0.0426932255908913,0.0190561813262762,0.042802385606978,0.0485043926856555,0.0306149050468678,0.0277834006175943,0.0316433370027089,0.0355440824758982,0.044132991661418,0.0213434277036156,0.022848135243714,0.0313561893477306,0.0215333994293485,0.0259621460700646,0.0258957703996451,0.027945882900323,0.0450611266204909,0.0537867088103656,0.0169685515870929,0.051159879037456,0.037985108779282,0.0546915300976948,0.0340648166223135,0.0191788685288941,0.038197197300598,0.0601072781975608,0.0766470066571374,0.0273609155035652,0.0373517976965664,0.00782219196795718,0.0546985767658779,0.0560190245116663,0.0317888507597502,0.0686283419778864,0.0192960849965758,0.0403195076822085,0.0313342697544102,0.0242434799836466,0.0497590438884382,0.0428487232083958,0.0300675133723003,0.0268108653258722,0.0128312241084168,0.0440170976577815,0.0133212567908,0.0345078730730253,0.0445609380757716,0.071937239895601,0.0426905099333087,0.0663241276675138,0.0361720504188835,0.038935232695616,0.0345836874102306,0.018215634787378,0.0304649071991838,0.0473046125788275,0.0329894462366671,0.0145734063975344,0.0366638715016702,0.0338354510362186,0.0147919316777837,0.0465086748432518,0.0280798869237966,0.0239889757431478,0.0328424836635828,0.0447876437988917,0.0445365129746198,0.0325857433151681,0.059248345113722,0.0241672401284601,0.0235934935439183,0.0415432573536281,0.0480504269071333,0.0452708469359515,0.00900176191387066,0.0241056114157158,0.0244101318377736,0.0423074130365084,0.0425312518675011,0.0365444977949197,0.0268270973511125,0.0187267112176611,0.00739284254962917,0.0352740034748974,0.0345670944417646,0.0337979326256131,0.0616154207582654,0.0258922387741469,0.0306784122594185,0.059128238281627,0.0337000569443351,0.0319900227879457,0.0349925974793817,0.0268187605364785,0.0397791616055404,0.0314244766216359,0.0330632376625997,0.0281129802562396,0.0175485679080721,0.0406831478925423,0.0203496743590814,0.0144803974186242,0.0235593047606443,0.0225851849469808,0.0328877392354167,0.0298155594742806,0.0263859513188952,0.031722404044824,0.0240206221121922,0.0282284588063107,0.054861842274291,0.0361573293191669,0.0297452898394365,0.0506651248144335,0.0477666014238666,0.0284575215112442,0.00712812340261689,0.0260975083416677,0.0313014298235818,0.0361821372031202,0.0257466536487401,0.055053616930134,0.0263126923136089,0.0327765906504142,0.0235901166075324,0.0151807772336987,0.0355715542351486,0.0302514994677235,0.064402923137466,0.0466683179489815,0.0226452978989579,0.0235233376785784,0.0348106800210988,0.0648887142323683,0.0282275266544469,0.03933207200761,0.00994880065249197,0.0217513528452838,0.0251065561150299,0.0361755050963663,0.028548671833803,0.036907676529154,0.0126371523904908,0.0153104529694379,0.0434551467603452,0.0262096550765924,0.0286958965940172,0.0556175263086703,0.0307366416372917,0.0379114092033876,0.0254213543562458,0.0443437215309824,0.0188074162492033,0.0406358140206797,0.0377687693274885,0.058118909853847,0.0170460582234891,0.0595098055796512,0.0197551279281591,0.0120658380012591,0.0223934436155765,0.0346245460216356,0.0215617518774802,0.0504134430967302,0.0363411635900664,0.0230572638270916,0.0400086339205202,0.0465192078672663,0.0176531394826766,0.0209886337519186,0.0361630188795968,0.076624578897568,0.0452051270154281,0.0187006900250847,0.0195947607888116,0.0375962852676994,0.0191421469441944,0.0475395872985222,0.0426240601016877,0.0503640460505256,0.0381202599527257,0.0223297696791482,0.0395309155443218,0.0256960110125004,0.0242505597607179,0.011851583214917,0.0151755878980208,0.0384812515072803,0.0395221195449758,0.0207104353658091,0.0207422997821235,0.0486846726328372,0.0320718928159952,0.0578351904260166,0.0252754327317198,0.0595592838086319,0.0274725446607412,0.0352694250520897,0.0279792765694832,0.0363379564569281,0.0127162981716999,0.0194436176503266,0.0317132585166037,0.0550806138926819,0.0152054232493403,0.0295434571483607,0.0387497301169214,0.0268966033435653,0.0207828344166636,0.0402395846416263,0.0231556790666473,0.04814436951353,0.0293928347802545,0.0460496661672052,0.0381443315675136,0.0667001278660593,0.0342566120117715,0.0145764039627288,0.0281306267900356,0.0221944243256534,0.00620508151142455,0.0196374659367145,0.031959882755577,0.0426372630853585,0.0287507752935444,0.0460904933318227,0.0223419756825299,0.0444790217561805,0.0333486745318827,0.0237265886964689,0.0538184056713121,0.00567625597067413,0.0571446118819091,0.0152591471738398,0.0506060335235286,0.029562840063635,0.0288482025063185,0.0384125669151231,0.0559214607358262,0.0259722260435061,0.0198951005321968,0.0614960082619531,0.0368742506813447,0.0395764127736241,0.0413333294322734,0.0448287342149953,0.0527788213297666,0.0303233684295439,0.0338154523980485,0.0340469410154061,0.0379340065296155,0.0262548947108885,0.0126544560982842,0.0392948716467101,0.0279714575394876,0.0288874168990889,0.0195751925196464,0.0603052007693618,0.0581801479844109,0.0285965164811497,0.0246095131396426,0.0217391734355319,0.0253703744108293,0.0207044139366857,0.0193935364050746,0.0384581372264032,0.0384152828818432,0.021404825047565,0.0532826905985456,0.0352411693971967,0.0298328815884418,0.0355398906651701,0.011163201896682,0.0412512422867845,0.0461444073622296,0.0427113031624234,0.0325984176597496,0.0272898445711606,0.0521462589052234,0.0322153750510381,0.0327141651804939,0.0536893947977283,0.0618417002108223,0.0296770375857361,0.0326020185343923,0.0317597120462641,0.0441603319947718,0.0380363928542442,0.0150746306003561,0.0722686148977594,0.0423881155834689,0.0363887777696161,0.0157156165927869,0.0341980017509702,0.0246690898825943,0.0386591989018707,0.0135631426017967,0.0451106951048113,0.0286211396818343,0.0385156116064193,0.0183632591243054,0.0644613589136921,0.0363714333985123,0.0406507763896416,0.0275055652858284,0.0504810346471883,0.0295727699459141,0.0149021286585042,0.0594353157281195,0.018457116140915,0.0368759127481089,0.0210051909747942,0.0245445092752868,0.0469388016743371,0.0204872250941697,0.0361774364241464,0.0351491766389606,0.0168337404225687,0.0234610827135878,0.0441152147133362,0.048477815995955,0.0362945915822402,0.0411514349566949,0.0344064622051731,0.0403281823903258,0.0510843941111122,0.0235963012018193,0.0276797361633787,0.0344383639512193,0.0385760754452792,0.0150676106404681,0.0333395448788695,0.0344146848346128,0.0512760088904197,0.0174252892961307,0.0479911948254952,0.0419840315812385,0.0382532117743569,0.0181467001163506,0.024099414245899,0.0401481427741771,0.0264682874098856,0.0221852745239321,0.0413252698012686,0.021469198742475,0.0762811982096687,0.024964810144198,0.0298729633732683,0.0191813994201527,0.0414488049739321,0.0464050222456824,0.0308471229873822,0.0214383029780145,0.0494252418105665,0.0438975616161388,0.0290940821088812,0.0240157349029674,0.0246238864358899,0.0436703819755307,0.0271094525234567,0.0574363167427803,0.0551767372895334,0.0257753864264498,0.0373456388076719,0.0329185114784044,0.020890287047328,0.0215712321709438,0.0253434801794255,0.0370187580429033,0.0481708857811721,0.0515688580341394,0.0284009507944476,0.0119940342226013,0.0102031594733461,0.0345482408884111,0.0209672538906903,0.0533149190068612,0.0548991446787134,0.0272446559440517,0.0285569641245221,0.0243481930504543,0.0489795711038765,0.0553245941972118,0.0324719735811784,0.0327948576912204,0.0222007288540825,0.0287231136683566,0.0256271093992366,0.0313846059195804,0.0246517330937182,0.0402090420580654,0.0155601489691228,0.0201578212061287,0.0436446762549728,0.0284346176326709,0.0264277373813757,0.0610884389611423,0.0605690891428019,0.0199994930258425,0.0363594427159637,0.0374640970448048,0.0206815332220352,0.0205738151105151,0.0254384524893548,0.0359597328042981,0.0429020122367596,0.0286587408426311,0.0371005029127265,0.015681920556956,0.0612900095952602,0.0282932466044318,0.0355250983983227,0.0296045699475459,0.0360756165434079,0.0529222362690861,0.031953329397533,0.0257253383954994,0.038092572758387,0.0642348095637648,0.0515314721207051,0.0331108564153879,0.013186685984658,0.0240027504833471,0.0363998469350173,0.0218271042793788,0.0241098179660893,0.062275241574236,0.0418706197780685,0.0607543454208136,0.026934959335538,0.0314193341827764,0.0699054843472643,0.0195669781097566,0.0290651965951932,0.0364390023988325,0.0544984919003588,0.0379783846160641,0.0455861079289549,0.0333677725369017,0.0637027464773807,0.0295678176629987,0.0457218584975424,0.0252087807954817,0.030755485682944,0.0209909610550417,0.0185647336545362,0.0644171294469485,0.0337409081879161,0.0597945850617721,0.0236900999030311,0.0484736873603518,0.0264790715175921,0.0217517830476593,0.0429599072186406,0.0190794458062164,0.0219428509688441,0.0229722021121487,0.0368809092717218,0.0517295364261646,0.0211623777565457,0.0261315028103703,0.0284880755366238,0.035868279207053,0.0158229552902633,0.04879560962314,0.0295756697888585,0.0376464332551366,0.044941818047429,0.0332725472095839,0.035151390464614,0.018597559902031,0.0351073051693267,0.0514019383276112,0.0326783653249847,0.0675559524663415,0.0322076280344216,0.040928509247035,0.0400035699689164,0.0258781136524329,0.0151999602626234,0.0419020553825311,0.0182780251171018,0.0250104123595579,0.0375775050750619,0.0260508395237393,0.0202339847417941,0.0247066887696753,0.0166108423579716,0.0346915471122757,0.0491940110812733,0.023130625247078,0.0299474990629059,0.0331586224615671,0.03868587071205,0.0397554271804467,0.0261218477675705,0.0227666406778625,0.0467160544367639,0.0337062044826079,0.030067611719792,0.0387931408999462,0.0248852585022539,0.0385596498712153,0.0168060460942322,0.0261399486836107,0.0718172944732412,0.0351807659652821,0.0320263183239809,0.0349750321686334,0.0337687996127102,0.0149759302212986,0.0348734584213633,0.0391285730436221,0.0463371338056113,0.0471151240185417,0.0358853413870446,0.0353518581672932,0.0242513155842038,0.0207993672676759,0.0191215273334575,0.0336768741502455,0.0596900465530121,0.0573599498379454,0.0347133549241934,0.0260659057825012,0.044999996813881,0.0182819994209975,0.0200797559597459,0.0220451781723852,0.0394043624634611,0.0277393764225843,0.0445146878953555,0.0259491950915694,0.0348484027319579,0.0523504618692568,0.0195577976647548,0.021178243044994,0.0343955422460381,0.0432496112516412,0.0370396356152791,0.0500208390017089,0.026989915176801,0.0474586395113725,0.0338409043697232,0.035055688624274,0.0218019516108267,0.0141935224116025,0.0471370365571756,0.0266728175789097,0.0269037347034773,0.0814781673848543,0.032455697901077,0.0282616563897716,0.0217028280795088,0.0310610407362214,0.0187129771835745,0.0375399004754542,0.0825193116090235,0.0291213851044735,0.0277484757890106,0.0348559763227102,0.0476449677461032,0.0305875728056173,0.0331368856038663,0.0308088776768804,0.0422944323580308,0.0124292677844885,0.0269595177014008,0.018474865886761,0.0687546626125498,0.0322235242166256,0.0344187152882869,0.0544873041389807,0.0402841102897184,0.0303600109721336,0.0427385057725191,0.07809497607098,0.0359677473368352,0.0421482863939375,0.024744441728005,0.0255518128824366,0.0327305026778931,0.0575130853739055,0.0211063015651167,0.0539019967239041,0.0445002920381343,0.0286097327985584,0.0203131362630144,0.0581999959062809,0.0503028140751836,0.0219301074156207,0.0365307624436577,0.0278412696253402,0.0399861368887342,0.0215549487855357,0.0590335047791642,0.0382711457372634,0.0221633613186628,0.0376855258959013,0.0214131602314962,0.0337541882653137,0.0464553422461518,0.0390396866402892,0.0215989030294912,0.0131209141412108,0.0688982678606745,0.02418283373115,0.0702796727641164,0.0704242923785001,0.0216437911681926,0.0343855808895984,0.0439412411798134,0.0116388135956849,0.0359351010464275,0.032318111434655,0.0157945182676884,0.0200439871375122,0.0379315925018321,0.0310801199077336,0.0301559325631766,0.0411887545309876,0.0177808510170167,0.0250461214374247,0.0270773763085625,0.0250087683049035,0.0270300416388108,0.0166931819000382,0.0132917544458579,0.0532478701140891,0.0317532263257647,0.0308309376600191,0.0258378706663783,0.0641238852555218,0.026916456140225,0.0329366998644234,0.00778091619088271,0.0374573842701501,0.0437801864547272,0.0202995338154966,0.0333793944160082,0.0176325780529865,0.0381869962623005,0.0360224983930951,0.0602434442634261,0.0183427958761713,0.0233678305037365,0.0475082904077926,0.0435315440441772,0.0380400393822657,0.0231842256561043,0.0585191956948869,0.0124162853092864,0.0437097336391123,0.0230882318311237,0.0439553653603253,0.0445896141148043,0.0246591288820048,0.0286267982556472,0.0489986390846047,0.0491983257413591,0.0172833613170101,0.0270722337725529,0.0279321725323285,0.0274226598965216,0.0152600889672716,0.0465840295837665,0.0354166336824014,0.0374049188890116,0.0200752273706228,0.0359076923024633,0.0311941265268699,0.0642666968965701,0.0460305280734122,0.0306273764278022,0.0357254886384834,0.0282691006602453,0.0284856181850764,0.0341032450857503,0.0348907380535714,0.0312945472342874,0.0282385136148571,0.0358317239784877,0.0188880667838337,0.0139234908140741,0.0501132736360335,0.0187779155386639,0.0472847789615358,0.020639017250293,0.0300945500413867,0.0317722203586811,0.0598462324101631,0.0162451374411238,0.0268494366083526,0.026047414783605,0.0297932317101515,0.0508323506223654,0.0235064438399055,0.0571750631568607,0.0341518876433235,0.0552330677635402,0.0409563918922976,0.0342458308695396,0.0143013422880704,0.0414394386833946,0.038025441974501,0.0276955934206286,0.0359825375353422,0.0609004795762343,0.0455722589864429,0.0158249304377175,0.0311950030539011,0.0395596331224413,0.0407234137036053,0.0626649695838916,0.0190079144844716,0.0377953845272959,0.0264645302546795,0.0193765021459795,0.0222991585872143,0.0139185981760904,0.0417948788723893,0.0243033066281539,0.0209472821706926,0.0419061734052347,0.0245976174754688,0.015406730630995,0.0498086864848807,0.0202873098253242,0.0237285169427618,0.0264092612359224,0.0495784065687763,0.0610460234529916,0.0189628420164363,0.0266818531698557,0.0151120546671547,0.0788515212026661,0.0324736072151874,0.0519299010887368,0.0289522613962326,0.0176504284166886,0.0340172218430467,0.0427803655243207,0.0979295082688238,0.0338941015197159,0.0531061387964841,0.0344944038358396,0.0187195454585869,0.0235730564582395,0.0460903136634828,0.0734271262881398,0.0423032453729575,0.0134670820753356,0.0399249289705375,0.0242257413225968,0.0393656002835419,0.0251200835849318,0.0372292248491269,0.0767875278675934,0.0536897467303217,0.0722938841368166,0.00782330713127431,0.0275737089426252,0.0228953609203512,0.0268781623184816,0.04446755878776,0.0388147879337403,0.0618994167337615,0.0326782017731163,0.0223430954887389,0.02360477531163,0.0183320578540976,0.0326452975519835,0.00997529605877632,0.0329999672283734,0.0444766930644515,0.0262231590755989,0.0214488029765676,0.0185141538813998,0.0150877886929977,0.0144258779517814,0.0406868001154574,0.0369836332706514,0.0315841692920615,0.0198948590967987,0.025031350120424,0.0239295243011879,0.0305623620258884,0.0262409889424799,0.0182250394988878,0.0246994842855579,0.0510151686262711,0.0305667730689686,0.0139609789015746,0.0202286611069398,0.0557826598218484,0.0302771049194703,0.0246702181926836,0.0182568841630958,0.0245527102916187,0.0226480389003772,0.0292117686289867,0.0280165035641275,0.065897719548157,0.0613905165465543,0.0231180819656915,0.0228617283532947,0.0339823811656919,0.0409775019880557,0.0222199698886664,0.0605468892281823,0.0311993245822641,0.0405809600151907,0.0191026341294083,0.0284486989141624,0.0741858978260179,0.0193917646106444,0.0494189590504471,0.0271891220598985,0.0361042603957598,0.0160388527772282,0.0394270926756123,0.0509471431239774,0.0577898983164845,0.0291782564827065,0.03094285095736,0.0054784752184586,0.0606303962834026,0.0362373520986171,0.0524249912639024,0.0662643980076477,0.0282389461362882,0.0480759631218861,0.0421009353996246,0.0329420213263339,0.0200312467504256,0.0238907913619087,0.0176039296717152,0.0173607541476167,0.0306946989301258,0.0107988615056486,0.0312832588782193,0.0206028184863548,0.0374424170066604,0.0296191258891201,0.0648385893089875,0.0288413052859248,0.0254754907251768,0.0342782092435148,0.0073850830103341,0.0265573005906921,0.00948765580016316,0.0148766521631472,0.0214269218977505,0.0381339220613162,0.0128563950900964,0.0139955116882122,0.04405452469999,0.00605058100158022,0.0308694728148064,0.0363483717844713,0.045956621355195,0.0320258086561766,0.0768985720118055,0.0517291639524794,0.0202440920103833,0.0501151226232707,0.0390987898101965,0.0537968453880058,0.00916638832395719,0.0255924612455733,0.0370069329842295,0.0130272267928077,0.0191778121698626,0.0322551352302368,0.0465474373020117,0.0181622566974884,0.0386850690515682,0.0224062265767458,0.033245029354022,0.0340903799188072,0.0207037120054157,0.04245351716577,0.019508374557886,0.0681886765278897,0.0451619387071561,0.0196018112001952,0.02849350300255,0.0394740658256482,0.027250039027759,0.0591923494384852,0.0450217626291557,0.0577138862106714,0.0664452633232388,0.0595398632154236,0.0138433140454944,0.0228631046505982,0.0333136087423871,0.0162309426665988,0.0377714617783509,0.0190272188697322,0.0355488253416494,0.0551888280842406,0.0493844016413746,0.0245477066078524,0.0668705543185393,0.0221817717403897,0.0213552162633259,0.0342332982226348,0.0330739909779387,0.0580970714118309,0.0262409228902958,0.0172239629920285,0.0392012345271759,0.0640029224439596,0.0211328419468246,0.0582898793283451,0.0321398796328785,0.0292399182278759,0.0471106528424067,0.0192418390460293,0.0168371160812206,0.0201556572758542,0.0154286513760821,0.054152734141636,0.0394703785220324,0.0839721447462865,0.0451244468232388,0.0320339363922138,0.0221159726050317,0.0156025929217971,0.0280134954316661,0.0266989888956153,0.0413777217602877,0.0286363298798296,0.0200009641816688,0.053440617983814,0.0203133363830367,0.0247203911096366,0.0388497867505729,0.0328525426714019,0.0406405015599069,0.0347206747408851,0.0273326306615418,0.0232307096353766,0.0265519649331422,0.0173842467564535,0.0231618152047286,0.0243075548945432,0.0820059062758811,0.0247863146879308,0.028518624594252,0.0452272800930183,0.0256653762532177,0.0286123625141899,0.0325938703551902,0.0330456042093714,0.0106761825377091,0.0578655923285775,0.0329519588492203,0.0306173971629115,0.0203242231756635,0.0339101371137528,0.0219355356584296,0.0426130361105698,0.0345911844272333,0.0170908985188006,0.0458596016430611,0.0486753128417666,0.0332548032502935,0.0254767258183277,0.0127937450131735,0.0156602358890795,0.020700355097018,0.020519828674012,0.0497342168546239,0.0253330988723469,0.0564932657165466,0.0356628178248343,0.0236985696736117,0.0284913053879932,0.0201649441378374,0.0353593745456533,0.0405664405842952,0.0146004927711771,0.0154428660352855,0.0254714349300703,0.0179806927512624,0.0361340520696893,0.0167204230586829,0.0292766136583642,0.033157291173855,0.0237021030477002,0.0468494888678283,0.0363019459549535,0.0413764197206402,0.0159201954837754,0.0230420344096229,0.0195054237497668,0.0603271472223393,0.0277830787276296,0.0599403050508477,0.0319269822320855,0.0310415689775254,0.0508222725992116,0.0387091568799557,0.0167081700590143,0.0366991729195078,0.0511684885520624,0.0356755166459494,0.0130141489066774,0.0178479294431616,0.0301353418000409,0.0235868972244434,0.0398670762639314,0.0253907374482819,0.0453076846733215,0.0181941497452109,0.027134682429915,0.03962584029496,0.0250243319373109,0.0535014608447714,0.0273014333115392,0.0234005606056014,0.0159206835437461,0.0273836389792433,0.0210149762329407,0.0732598219403196,0.0339053024387031,0.0463962797130788,0.0414273654343828,0.0641546948141426,0.0504862264653675,0.0528699711881027,0.0375848958786833,0.0295172844364064,0.0415606668076615,0.0571947111055322,0.0291753460859445,0.0640661350717038,0.0341400468126154,0.0285297304503853,0.0407425175657474,0.0283438088638547,0.0418316234672796,0.0145623094124658,0.0226879148094327,0.0250193312848466,0.0311572513977389,0.0282791566872641,0.0346624537767026,0.00976701235827791,0.0319880345115867,0.038068917993496,0.0351550537570664,0.0173004004235051,0.0150644570066001,0.0343191904985407,0.0388214487175121,0.0315239492038578,0.0102209025870409,0.0167872410905916,0.0191621439994232,0.0320070253106389,0.0277652550952027,0.0349097087422369,0.0196756210338361,0.0252228527722519,0.0315100363453774,0.0229558796837014,0.0418635969569167,0.0467755672130312,0.0394687071018978,0.0279240014410756,0.0254270335933314,0.0204320226989552,0.0393207754153297,0.0312452924643723,0.0411620572584183,0.0275642105105095,0.0414005023538705,0.0479321610532294,0.0618120461773216,0.0145769005825844,0.0201873090240087,0.0428100009577917,0.0445113994676492,0.0171463202044711,0.0434256114747676,0.0795015649102816,0.0114981627164862,0.0339468305237016,0.0318000285393148,0.0389686941409606,0.0347159182364364,0.0516112049339911,0.0213561537642801,0.064892010744532,0.0284982678747235,0.0372826333902281,0.0168812526447895,0.0246640928143077,0.0392223467425824,0.0573703117992572,0.0131281532613461,0.02520648389297,0.0343146569072676,0.0269183533935423,0.0616816007868005,0.0301772122977415,0.04436184717742,0.0510350272100804,0.0157399665246402,0.0364142081426221,0.0170065552838149,0.0596899747982594,0.0250947070555097,0.0317591615048775,0.0198093078765447,0.0257885543915007,0.0273738220091021,0.0505391172024814,0.0318439690806939,0.0266372586331992,0.040033870434753,0.0263553898385841,0.0377758475478731,0.027166844858308,0.0666251444551296,0.0365908164843968,0.035296805741484,0.0417482048748397,0.0262551228922154,0.0320994435114864,0.0636732361210332,0.0289363156997146,0.0290379534542379,0.044214645165805,0.0279142729718474,0.04754554176582,0.0129185138755713,0.0475350726191578,0.0475628210304155,0.0409695688589775,0.0250119499990311,0.0161384347744629,0.0406082535471757,0.0238621397376909,0.0211937994167512,0.020129598647202,0.0288354180031403,0.0193132765455458,0.0237829650218447,0.0237520419059635,0.0326532796262393,0.0250371158475366,0.0304211871800476,0.0363714547542146,0.0306938334678736,0.031667980434011,0.022812253857508,0.0224401172636734,0.0413641322128008,0.0167509774742821,0.0212903957717133,0.0425553177775829,0.0389168511067233,0.0307338733165768,0.0341193495309494,0.0276511041397442,0.0240539611949389,0.0372886759891636,0.0457623646330904,0.0269302129003295,0.0545685961673514,0.0382778478956589,0.0475611788293867,0.0301838937131959,0.0538356248270175,0.0329814540033997,0.0233163538066773,0.0227416622080944,0.0775161729835357,0.0312510341820168,0.0480536085314376,0.0195989255250947,0.0606476075816604,0.0219370746767185,0.0283481601097893,0.0142813906682161,0.0209522142442889,0.0239285623714712,0.0271608798240264,0.0156786414757243,0.0277682314188099,0.0169479573858224,0.0329440412124178,0.0287620805197367,0.0202143549205644,0.0406224718405683,0.0184913278061617,0.0428264224904594,0.018818907687518,0.0111343999591538,0.018325905542835,0.0218217118528738,0.0387295362076132,0.0238566097826822,0.0449055508870518,0.0472326849536968,0.0287633117729369,0.0257349329858141,0.0379009448494313,0.072305260623088,0.0210155991231278,0.0565009848540007,0.0469039780926788,0.018480600739582,0.0395108882420609,0.0235579645064372,0.0527154827157801,0.0204583847290598,0.0227552460816837,0.0194655610022694,0.0241785618219685,0.0156444371122268,0.0267853854145416,0.00820854552463799,0.0467757939092484,0.0552221111816376,0.0314105839744733,0.0318504497930548,0.0165815186467549,0.0261050726129078,0.0365149792303925,0.0285889987486852,0.0145696730948768,0.0300651194962113,0.059798109140479,0.0287263734501254,0.0242259087344019,0.0417779973604367,0.0355273851034769,0.0191652967473957,0.047796263677656,0.0334074280957335,0.0441015422530667,0.023766284171319,0.0223998608268896,0.0645109954897309,0.0403452333069803,0.0420393675116397,0.0451998398923021,0.0361215922144824,0.0109613677106821,0.0158027108260671,0.0548625674312784,0.0204018336000959,0.0402190549086158,0.0397179645972099,0.0558094872074372,0.016063502381356,0.0396350954237168,0.0340774834122567,0.0140743927469424,0.0395476987575147,0.029750167199692,0.0348660759657573,0.0344958632897893,0.0157391516020584,0.0309348583431854,0.020456436363565,0.0277549181016104,0.0228090849386269,0.0544240572806891,0.0411756767146005,0.0573534386530949,0.0267158533080905,0.037690027612987,0.0533268362160255,0.0152736801045995,0.0281090694919635,0.0266655044206414,0.0468280938043722,0.0190575723836769,0.0291963296037103,0.0282416953094437,0.041043970043256,0.0245880335543791,0.0247371626475164,0.0542455171840616,0.0432569027657322,0.0333105330664331,0.0312075366004473,0.0298244444487431,0.0276466691863447,0.0372898297760418,0.0265591690651002,0.0330074911021929,0.0164700537777537,0.0373137444631734,0.0482391605415307,0.041240397709945,0.0521639939272319,0.0332791646069463,0.0416208269968241,0.0452454375559584,0.0418791717585077,0.0238799979033659,0.0267735625909936,0.0340566256347746,0.0507441486756123,0.0264520825674022,0.0289920623258029,0.0228848966157219,0.0554008703990994,0.0402358233376288,0.0429952630829047,0.0230004182489848,0.0754192601954466,0.0596494423570354,0.0240968690918551,0.0201538923255144,0.0308272567337231,0.0463692314398416,0.0204845853312559,0.0362465300907477,0.0222620351325647,0.0399915249797404,0.0522198378173154,0.0217342542212361,0.0548209472252836,0.116424540724056,0.0382139905046955,0.0331588565555197,0.0314431343620071,0.0554687708503123,0.0250550822533436,0.0282689221975307,0.0403531739463684,0.00936655774572757,0.0615938514506644,0.023374863312349,0.0386872875923357,0.0294467678488489,0.0379536132809788,0.0317086275124843,0.0208598969828177,0.0253390200327673,0.0238115942242182,0.0370584036535824,0.0539648805100232,0.0688448674675674,0.0404749941547445,0.0151605565927079,0.0337371969785187,0.0193558559647213,0.0279576800920696,0.0198470046681569,0.0211909559353425,0.0201355755810077,0.0192655747527345,0.0466914656390674,0.0431601343257335,0.0606252877535705,0.0323917016776226,0.0380154954588189,0.0215418922586149,0.040503346728843,0.0348044228721941,0.0606820279303725,0.0325849464706034,0.0361723004729663,0.0416259804587442,0.0742075011569594,0.0482137605236623,0.0199352417507585,0.0287912687490925,0.0267760221786512,0.0548035879478255,0.0352494364279197,0.025629162028032,0.0346943867998586,0.0315645939305544,0.0276230121448011,0.0186993036601932,0.030985807521352,0.0174201944968426,0.0287481191194458,0.0307170410354463,0.0366769185984666,0.0521839180150591,0.0291797041397896,0.0165479678270763,0.0300632571499861,0.0336965271677373,0.0110696784037254,0.0473307433642709,0.0319719882868059,0.0383204972290079,0.0326406408707285,0.0280226634041076,0.0609102533933318,0.0419100647287223,0.0165663936587777,0.0383667001189352,0.0430099559260902,0.026515393678572,0.0345500261220549,0.0353117577172386,0.0157380097793356,0.0634561056256747,0.0308760006699033,0.0279736617970861,0.0518647879326413,0.0604149778087025,0.0114833825385204,0.0226633985294019,0.0139175966856308,0.039527925240919,0.0632207760095096,0.0226544106864027,0.0212887470251266,0.0280110533589043,0.021580710462312,0.0516329217651861,0.0525406577932301,0.0225961441069991,0.0385565934791341,0.0142070588848991,0.0225774689704535,0.0428695106497381,0.0361628886131841,0.0107994381125853,0.01601922152941,0.0195290117853233,0.0297397117188036,0.0358218659852932,0.031150097096397,0.0189663649499908,0.0305458006338586,0.0524021337837787,0.0346473555012103,0.0459019707116103,0.0402153969974418,0.0526551208347984,0.0176488613822893,0.0425921414650191,0.0212341409502767,0.0317367003534421,0.0436439191692536,0.0935314775454424,0.0297968262411382,0.0415915824746211,0.0151700186344087,0.0327091046782725,0.0705340383783296,0.0390268827956059,0.0642665115757288,0.0232636319992308,0.0324929875383362,0.0410977684632835,0.0728443548944676,0.02875287677939,0.042566546177217,0.0274972321486119,0.0250747283394438,0.059781868317646,0.0385443216223391,0.0331780862141517,0.0326971918989644,0.0165985979242406,0.0248200789011787,0.0305428882212549,0.024431883212256,0.023762428889073,0.0215178627388975,0.0234545198796991,0.0208007154199192,0.0447694861047287,0.0399932516221533,0.0285821201482372,0.0284597609433713,0.0561641194766986,0.0302803892634521,0.041283634189178,0.0333698770561629,0.0332066239296094,0.0772101963348752,0.0468578376677632,0.0401338870097214,0.0355023622037078,0.0170077050011539,0.0276645885611839,0.044074734545935,0.046178955949147,0.0386244668753494,0.0397964483224036,0.0299048317539335,0.0246724331309917,0.0326835550726241,0.0340157054791425,0.0268987382682519,0.0194655665884929,0.0254224359016009,0.0348560432349964,0.0686516845524858,0.0458524270560469,0.0302012395329621,0.0472370881395937,0.0161179851525169,0.020219507032909,0.0161218030379364,0.040940714572657,0.0287342562847009,0.042517305355015,0.0618329675756845,0.0258735268587045,0.0489896788124046,0.0372709971983193,0.0390609182233993,0.0138899017613289,0.0583164213725114,0.0331015833377144,0.0543255520696073,0.0209465978361867,0.030142601937788,0.0324912882328245,0.0569171778023923,0.0151921023448419,0.0249049802553685,0.0580107172160708,0.0104514318256555,0.0191094712337813,0.0299907949013168,0.0252253622075901,0.0468707342063022,0.0356973936639116,0.0503486277075077,0.0479631563817879,0.0491480658584759,0.0333515894421791,0.0316953414458562,0.0181341928204779,0.0112758076194471,0.0393818788851572,0.0786474409020168,0.0300929737108418,0.0407639989512294,0.0174866870456421,0.0301117061296179,0.015027696554365,0.0122209517427757,0.00560282968640008,0.0625592889361504,0.0227804325549235,0.0373311454771126,0.0266982930543369,0.00735236597223574,0.0306402869174897,0.0579169238494486,0.0651457235952503,0.0354111101134939,0.0254548402662296,0.0410027558036518,0.0359349023899018,0.0391579692416808,0.0186728515090721,0.0177642940048932,0.0342208552759994,0.0328806172374268,0.0219659767389809,0.0188932104527574,0.0441625951264364,0.0354038191157051,0.0254966444670056,0.039239600607254,0.0200797825468628,0.0294532307670514,0.00870420718104555,0.0116140516932586,0.0294771165071543,0.0465053407427893,0.0199788231342539,0.0400404691858411,0.0446995220671756,0.0714208960766003,0.0302862465051355,0.0456077000201292,0.0154020716313502,0.0265285155307839,0.0562069911653421,0.0335484851537101,0.0210718105793304,0.0365375024329289,0.0239059126107243,0.0231117053348006,0.0304297442653793,0.0215660299867631,0.0200168265422338,0.0206942999837748,0.0384942672747048,0.0401854632424695,0.0373413334836978,0.0295190035194836,0.036665532218624,0.0403714900702253,0.02516103289495,0.0592972336865197,0.0516583150129941,0.0219733843350564,0.0199873855039887,0.0236462173081639,0.0272355954224687,0.016542123567688,0.0269248073225583,0.0350789921356685,0.0325491285792435,0.0475221891389958,0.0305543463287592,0.0230493087950916,0.046977065081142,0.0421096023761841,0.0550717018340203,0.0161621461896889,0.0374985581546544,0.0455521128567613,0.02582312713584,0.0313047377999053,0.0156467872826962,0.053035565053644,0.0317927323968012,0.0275473244485025,0.0247055775877524,0.0295057248417641,0.0517712595083406,0.0275891332970822,0.0743216962405108,0.0236526125621443,0.0620163960070689,0.0377104333645114,0.0612500922464284,0.0591210024806697,0.0349936652167838,0.0328700163090894,0.0281319540615445,0.0220681048144288,0.0321051485464434,0.0290781657698197,0.0230011322864446,0.0298024995758878,0.0467034333679659,0.0341719376099826,0.0184907622965433,0.0317809476176107,0.0547426917820908,0.0238020837273532,0.0428937986641905,0.0327326507971805,0.0223122886705391,0.0388063033551527,0.0274392221060518,0.0423975343689103,0.066677931198484,0.0494286819985132,0.0269136699800342,0.0285361942113701,0.0392031031187507,0.018562199044439,0.0173464181601728,0.0351692563178197,0.023036317693937,0.0659919375019359,0.015492145533361,0.0355697730764871,0.0363539811140529,0.0260933442461255,0.0591388654566468,0.0268617420855743,0.0208330240771547,0.0336025003411417,0.0204297258715038,0.0322477039619437,0.0141908611543682,0.0245039150359849,0.0231752952787383,0.0482350082730014,0.0208680955924621,0.0392050990048525,0.0662162409980721,0.0182293928104409,0.0105221645084409,0.0176092213135862,0.0369869981151493,0.0327539174005925,0.0335556531147,0.0415066332588064,0.0297018569477101,0.0287966222892308,0.0349165040911521,0.0229754101921549,0.0205957510430488,0.0246278456970479,0.0355626302860433,0.012423808758452,0.0110168595326251,0.0154155063333179,0.0254311760037087,0.0392133319327133,0.0339431214625407,0.0361426917182205,0.0192586278146861,0.035661687504223,0.0304764678433076,0.0232510152199446,0.0611591883825275,0.0332152631684306,0.0270159627502955,0.0320795109769282,0.0142265058132026,0.0179766606837301,0.0553576019276387,0.0205687100496366,0.0385083087677007,0.0217242644931753,0.0446133323870576,0.0358061705615843,0.030364215418635,0.0374026339311214,0.0206377456499485,0.0333510052070319,0.0426991364372472,0.0189833407354609,0.017764091429033,0.0448107857486022,0.0281314070256025,0.0318722934437539,0.0251473680044714,0.0209984421365461,0.0140817113288266,0.0414457783729622,0.0282989741203249,0.0445007200896329,0.0339832933229607,0.0547842030075345,0.0196821857061424,0.0282971728732359,0.0353641470053598,0.0589235311075657,0.0338610150675772,0.0248633582276479,0.0153023000839685,0.0242323533363017,0.024559532036174,0.0171822322449502,0.0255787495738232,0.0317662329960801,0.0359478563862868,0.0334232933285243,0.0389595276942528,0.0320593319361266,0.0317608541417076,0.0155543228085097,0.0218402976069996,0.0290675036830184,0.0254253947785239,0.0390163756869371,0.0389878001380745,0.0414401850950291,0.0363695580943455,0.083604384237966,0.0205727982810823,0.0341211644486903,0.0185430510462692,0.0423308973743202,0.0390448011682314,0.0517688736916641,0.0249328083923318,0.0136284380956133,0.00646938270651646,0.0393097562540584,0.0246665288367288,0.0305238702972476,0.0395231742312694,0.0392833511256394,0.037171342715001,0.0185557394978875,0.0229326310452962,0.0102598769326179,0.0382727982139565,0.0321229591964622,0.0558924616216886,0.0164939772658987,0.0227183836585552,0.0296488680786455,0.112545851660832,0.0273446327690703,0.0206843653955281,0.0553563234817057,0.0251130737492387,0.0410553879768494,0.0887527905936293,0.0356035015493334,0.038362491292974,0.0261765989415068,0.0429051203177152,0.0217354938721678,0.0389136377240128,0.0484346738380648,0.0124130603740153,0.0358853952066149,0.055988099644327,0.0504862205357298,0.0268998540406234,0.0314400337108044,0.0408492694335038,0.0364776932006077,0.0256304409746473,0.0246114647026518,0.0107825732741113,0.014940762340186,0.0406335074409003,0.0424236296434114,0.0178286615763049,0.0206062791050018,0.0230530654772099,0.0456995870163638,0.0255273404011268,0.038479691491099,0.0654394847995037,0.0272301383184429,0.0251500440848663,0.022438829031918,0.0234904123202141,0.0430186720344543,0.034105809354421,0.0568370954636854,0.0373663234505905,0.038756831326944,0.0229718155598783,0.0288668992139973,0.021261324883892,0.0492474926133779,0.0309377098659441,0.0267642817782951,0.027388631606577,0.0204022106478893,0.0381357107679603,0.0604769175531214,0.0287267580934289,0.0353155825420877,0.0328945955669087,0.0408076619019094,0.0373125250448865,0.0272037605866487,0.0481015427537722,0.0228072610827023,0.0445607412450286,0.0284809252283447,0.0365115360790231,0.0148562307088802,0.0448484819783237,0.0336243615594569,0.0402814487950057,0.0205266769047771,0.0199481719354017,0.0195701112693927,0.0157721199285627,0.0386196058577694,0.021961272132982,0.0243199860891088,0.0284445118129829,0.0507927893936867,0.0429128643155474,0.0401007608529306,0.0241441386607981,0.026626230511574,0.0512960123331701,0.0331272103138326,0.0161225780916358,0.0283948007367472,0.0294464796397506,0.0299661304699061,0.0279130883011659,0.0336585233423262,0.0330051822536341,0.0346919933291275,0.0418113978989624,0.0484635905373172,0.0204647520033101,0.0249502355425574,0.0897277544472122,0.0368014815264521,0.0286526917616803,0.0215180678802675,0.0444946875274754,0.0231947504456619,0.034973470432041,0.0335601225169853,0.0434957664140843,0.0513495561906591,0.0638361741788673,0.0142660401177386,0.0741178872367793,0.0434802492261575,0.0234673349387488,0.0377803045795894,0.0197472806812043,0.069968398124077,0.0396019034560964,0.0434438301287056,0.0363851353189895,0.0393692240835314,0.0616918270742795,0.0130314440585804,0.046846110003155,0.0200417046360429,0.0192062239665463,0.027683462668397,0.0595734183433971,0.0314167657881011,0.0381622010787521,0.0687914620685045,0.0486858591031489,0.040425620885428,0.0127253937653291,0.0463861290489736,0.0876419655498573,0.0339871051976958,0.0202602531328743,0.0344097872137363,0.0368240967124654,0.043115362600508,0.033987080558889,0.0265431332000477,0.0162051932119476,0.0223451016618588,0.0190385252458941,0.0186287773883288,0.0349424669076419,0.0275576509230484,0.0245054732836931,0.0178818093189387,0.0334473764448197,0.030110479860159,0.0258041222984845,0.0246668443268555,0.0435797746962874,0.0421179616179808,0.0171364374007399,0.0516959649158128,0.0422199735631294,0.0425923700858931,0.0601299547585496,0.0709567360588816,0.0252280257782202,0.0423454850979297,0.031516129403841,0.0294551659277601,0.0169825688925984,0.0461096301136935,0.0389566062443419,0.0215754478719445,0.0342628908580904,0.0304437522039795,0.0291260286150632,0.0335161587442797,0.0408222777533718,0.0363418050754046,0.0312336473291278,0.031618850497516,0.0310537316820718,0.0500225381132238,0.057532060543135,0.0146723111195043,0.0243392296399954,0.0308018826650264,0.0180618658172885,0.0170186634002501,0.0129293081025988,0.0291013566344201,0.0325493094699533,0.0273553447469339,0.0114941528782354,0.0289874740746642,0.0538096401017597,0.0679540816926182,0.0118845590316738,0.0574752095848658,0.0295227551350807,0.0455391405636562,0.0303344601966269,0.0300947020641113,0.0338187239779273,0.0399275624190995,0.0389170921869752,0.0308839829992349,0.0324328075620283,0.0556542640793052,0.0370329332968521,0.0548223265541882,0.0266366183794568,0.0640521186087185,0.0315320562328253,0.0209329149865148,0.0284830973832602,0.0470710824058512,0.0511388649659971,0.0222442434738417,0.0151552309113568,0.0304878850498012,0.0381301535008984,0.0206108052680359,0.0297821026641339,0.0580838201607053,0.0303920874187606,0.0512875740772167,0.0387582092861197,0.0482025889478162,0.0417135390891376,0.0164829180822121,0.0172373769521885,0.0248013379912383,0.034063449826057,0.021034590090152,0.0192681962218279,0.0204233217786596,0.0541301561778328,0.0213967041333185,0.0464881536256864,0.0457884350351801,0.0359664317140235,0.0354202474800247,0.0188957432845994,0.0354948190553856,0.0463439346693052,0.0444747083854813,0.0440291544677114,0.0360043706917195,0.0328020174980691,0.0317683308259812,0.031277188240952,0.0338702249815294,0.0255845829969105,0.0237946372429981,0.0309440193848062,0.0292683836369603,0.0315341292919138,0.0290255436375729,0.0236099291290574,0.0304725303785926,0.0287787109042807,0.0549455053508062,0.0194709067321948,0.0451510462616318,0.027395270485654,0.031084641823758,0.0212555630164022,0.0148632573231787,0.0091860027479783,0.0246955458178705,0.0448585176909361,0.0444116826402984,0.0442449104281155,0.0241415651162948,0.00774301114729947,0.0300696242152313,0.0152482343577613,0.0558754729902211,0.0412720388978339,0.0361543941295804,0.0187171574863725,0.0585219726663055,0.043573227281181,0.0161688090061944,0.0565979727803358,0.0504339050034448,0.0538293924947624,0.015283922503473,0.058631484029287,0.0370594052849827,0.0298847334914477,0.0319155540970493,0.0212272687378347,0.0255090644744148,0.0348007476259045,0.0174963440277317,0.0428165917617482,0.0494971893299719,0.0210951800115397,0.0598537691485774,0.044821820563954,0.0533952560866649,0.0225654237121516,0.0517058174953374,0.0468039935494188,0.0253410189480446,0.0379306346579292,0.0364557050250382,0.0277572784567462,0.0227231060917135,0.0330360034324238,0.0387609035667447,0.0998708556734651,0.0459045639114501,0.0192108000389829,0.0334895963214019,0.0419764968241593,0.0793105198793673,0.0193923640860474,0.0218134914611365,0.0602254624573926,0.0164006578622112,0.0296441693601586,0.0361597682296777,0.0438745793419389,0.0192497027049425,0.0340912323970303,0.0402198181039438,0.0712056423943715,0.0207792490435085,0.0185121255017886,0.0418964615634448,0.0425039228239548,0.0219115424340966,0.0237414589454556,0.0186935658895415,0.0414762473574331,0.0328677627679794,0.00987287306436683,0.0270727088307014,0.0419554424410545,0.0755346927493798,0.0189074413323179,0.0590360645143751,0.0305236836661525,0.0267025749496809,0.0184054272800298,0.0252966666003358,0.0546066461373104,0.0169155188144878,0.0584362593689603,0.0575250762888759,0.0116972922955232,0.0266338356439193,0.0420846053124152,0.0479022797612858,0.0219695628936403,0.0421473048264547,0.0451145965748817,0.00950466610706839,0.0462338545860076,0.0577505829841474,0.0395302501953229,0.028150223219075,0.0320978870041994,0.0278031236709183,0.0420161870266288,0.0418579850508466,0.0154112807794886,0.0276575409438044,0.0310711602379279,0.0301689043714659,0.0471007284897274,0.0601360619742605,0.0231111292383806,0.0298098785089073,0.0359791873385574,0.0292783775132776,0.0352733177233459,0.0156830704829214,0.0377356761621189,0.058415987114203,0.0234793024185839,0.0152777426913815,0.0415660627402867,0.0294470294548501,0.0282118936905126,0.0280616869444928,0.0444939928048078,0.0172537051984274,0.0192577394307038,0.016744030801179,0.0251140217871751,0.0188117340075873,0.033504750256103,0.0548754386415851,0.0653448685532706,0.0168775388463513,0.0364537031807053,0.0175591481659974,0.0306426141131235,0.0364079124515334,0.060103726692172,0.0311941428897413,0.0282135819564338,0.0581698346466401,0.0240193249724683,0.0401053361022536,0.0605111408888491,0.0528186860346764,0.0456360041943229,0.0144771638257811,0.0523795237066961,0.0252732097643975,0.0472678495184919,0.028596785096243,0.063797428940345,0.0359315233245639,0.0404748746289799,0.0338875614985266,0.0197269863593209,0.0306228011796592,0.0404855280805,0.0300673745548186,0.013302477593684,0.023254401455761,0.0170282102646596,0.0177617832991387,0.0437979021190206,0.0441772591986976,0.0194058973205951,0.0436182974109479,0.0284811961433557,0.0716276480522351,0.0203308406316522,0.0339618988469494,0.0507748727502281,0.0381732435562607,0.0469775668011631,0.0418573907238426,0.020259650457654,0.025882247837679,0.03441414796873,0.0378325168907598,0.0319196605421408,0.0225791213893399,0.0406017259668717,0.0477116830575069,0.0286097821234388,0.0342406301624973,0.0373804297799946,0.0541896212739863,0.0510729954280048,0.0299244089494055,0.0743984105910287,0.0424607873632504,0.0290890356336669,0.0154550649358076,0.0137638091184931,0.0844320219181783,0.0103649754890822,0.0398583152357531,0.0627321987744112,0.0541355649128971,0.0357151155998971,0.0162261524168651,0.0168739621219666,0.0241572479506048,0.0252344984585243,0.0242410485728818,0.0266223847571229,0.0331841347194104,0.0481727910893683,0.0486923543911555,0.0129579317351296,0.0263832578966555,0.0335050723819372,0.0295951715626271,0.0291479058619478,0.0582320625383144,0.0163002211081245,0.0268668878747246,0.0200991311928089,0.0263728877841822,0.0240774335281591,0.0247100217360462,0.0199178149339276,0.0381250312155872,0.0421575898419385,0.0370588683737314,0.051416802954549,0.0338324520860344,0.0269353698250098,0.020002177166569,0.0384753163867167,0.0132500262934172,0.0359686901787118,0.0478631932427389,0.0239817230136442,0.0414428042198202,0.0175713088045963,0.0403826255747489,0.0329793219493102,0.0217933876683904,0.0567146209556868,0.0344203658040365,0.0303649027287278,0.0271434352310292,0.0452818319498957,0.0185678296641908,0.0241076124580445,0.022954240898029,0.0445481315728687,0.0222137543902629,0.0252928969004624,0.0371770922211166,0.0592211947452446,0.043761533858315,0.0151691586506855,0.0334719804073596,0.0374475060874108,0.0416903996991469,0.0168469612748411,0.077344575009557,0.0507333561364937,0.0069526766332429,0.0423608538659381,0.0363150111125345,0.0197965945615025,0.0136925276839377,0.0460056736061597,0.0230914525873692,0.0584867075674611,0.0347768681191538,0.0363728490247177,0.0709439050842902,0.0679565881364985,0.0476916358596959,0.0420922135045829,0.0438733076633415,0.0252138172155641,0.032411719076394,0.0620023552032539,0.0302985938575119,0.0222054508609714,0.0432165925858094,0.0410360006832147,0.0316658476980132,0.0458548121620621,0.0317063378126063,0.0334362875670337,0.0747931208872618,0.0419904391825604,0.0463878220476198,0.043464740398031,0.0324124612855247,0.023796760180022,0.0390031623478344,0.0261075690563942,0.0593493957038931,0.0229379554283358,0.0355202825546235,0.0476112831853712,0.0288208294546974,0.0442511014022229,0.0235746110761775,0.035730924409753,0.0378794411195927,0.017926961336248,0.0384198013200649,0.0502066080054661,0.0275788119530075,0.0134695610607321,0.0231075377457317,0.0247728101422895,0.0363138812876106,0.0174931292932375,0.0243819010669357,0.0347705899188356,0.0530398614765051,0.0383783072269899,0.029176318000471,0.0275011590304627,0.0647909819666061,0.0429603690044019,0.017800481626033,0.00761865216688947,0.0343054445964235,0.0244700236212267,0.0222395550464096,0.077103836463871,0.0171859472129094,0.0330104616893132,0.0380704494492857,0.0321791961128416,0.0345491804832635,0.0252105660376615,0.0286731921614648,0.075229095589135,0.0532936467723547,0.0106079090504406,0.0239437734972365,0.02572567431337,0.0309434423210436,0.0378305818290827,0.0271076482752438,0.0193286232030299,0.0164530707251044,0.0380806421081415,0.0180544029900362,0.0278529461545136,0.0299586618071006,0.0283458337280795,0.0346930312761238,0.0218314894504385,0.0056265209651819,0.0461910274211784,0.0196567774663675,0.0336894598654334,0.0403414463867249,0.0421997833024695,0.0252681478336787,0.039487556843949,0.0406650396014036,0.0372756146703419,0.0213927640589833,0.0461453792884776,0.0388595449813486,0.0622637096727479,0.0324151132982869,0.0283763469743486,0.0328950479454307,0.0332235216258406,0.038708812240073,0.0150493035637471,0.0517402386395278,0.0447339162925684,0.0165869036344175,0.0473321087871424,0.0399862464618304,0.0187977368223798,0.0431719751874771,0.0277810300553305,0.0431647988853965,0.0394936600215743,0.0584297540335288,0.0113564310357397,0.0495977178224086,0.0363771184746517,0.0416032544924153,0.03005373040995,0.0338782568160625,0.0218466739540345,0.0241050450654321,0.0211720346870438,0.0305946579159464,0.0615464326196452,0.061274930782255,0.0547855393994376,0.0269618913332066,0.0212126545035208,0.0335232016681491,0.0165711012302298,0.0649109124852796,0.0221419010999826,0.0264633660374963,0.0275714794588384,0.0332737522062528,0.059611733065474,0.0193317574652529,0.0621839093837248,0.024596446583003,0.0211934499460479,0.0192280588312312,0.0220350018103454,0.0326493819671232,0.0385610033973184,0.025806286914881,0.0381306460150077,0.0546658260533549,0.0222766130268205,0.0677603499239928,0.0304035645534117,0.0390923951999849,0.0181617874903705,0.0376384748537263,0.0246934834171341,0.0159369765686297,0.0284521830406401,0.0195999879420927,0.0388243316663282,0.0319239460083021,0.0250136828780864,0.0248116695753959,0.0276652516936635,0.0901276441744438,0.0259818062030014,0.0433846095017412,0.0217537951973747,0.0223602688903369,0.051550793259599,0.0140562019781693,0.0216440968848963,0.037464120947805,0.0330878877471462,0.0494946826912002,0.0355982859512824,0.0465355150604013,0.044909628292409,0.0206502042084856,0.0563075648920519,0.0535731576382429,0.029614424645992,0.0120282645230686,0.0205141421486697,0.0265325845739941,0.0239407380683355,0.0560697226136223,0.0359729747037574,0.0297924655788158,0.0411700336651433,0.0363803164035292,0.025083942435268,0.0370188186153834,0.0524709328015929,0.0380627305924318,0.0255651458767277,0.0280466267305748,0.0722310526566801,0.0150248952529206,0.041349725353839,0.0574435469463765,0.0247076770672555,0.032265790358056,0.0236319187762585,0.0597643408021757,0.0238638698655122,0.0220010116972759,0.0439501934517934,0.0310348348913326,0.0174097539518158,0.0160689705733715,0.0238565665441511,0.041630319259234,0.025217470896579,0.0184836430591111,0.0149281553994009,0.0414159205967483,0.0348221401865811,0.0485517786951176,0.0444075195082393,0.0275426564112587,0.0378721556705415,0.0335465663534173,0.0182334020596741,0.0476476055130841,0.052481618299877,0.0352815542926539,0.0262363936968503,0.0175980116856565,0.0198426482563689,0.0581548100406387,0.0326148321980888,0.0226000278711551,0.0781268113683654,0.0451354981155099,0.0379240162166591,0.02228470647404,0.020513165378392,0.0333970599848737,0.0211266838918215,0.0356173637702831,0.0318714418903303,0.0276609744342108,0.0459829041937852,0.0329955722323676,0.0212816657092244,0.0157505715913817,0.0193844341643104,0.019540643946159,0.0296091379198147,0.0332727013278998,0.0311061461965689,0.0342028519840366,0.0279678885874103,0.0327177299448548,0.0437500164527993,0.0306757239571717,0.0354793513646681,0.0294317687770081,0.0156219332000731,0.0145541847045287,0.0380037428993707,0.0561710171855608,0.0656112039427669,0.0402545825425799,0.0223301638776991,0.0244758383844795,0.0232687641848661,0.0230068186790719,0.0237202402112956,0.0554474052735289,0.0282520926517216,0.0221764337475874,0.0343023032140763,0.028681906615399,0.0813306243390964,0.0250186256837486,0.0438532123443714,0.0433168898763571,0.0343129528686209,0.0256789028786249,0.0416992573167607,0.024776675027409,0.0125006676162608,0.0394849763956051,0.023091440973495,0.0364702615076596,0.0493575667327578,0.018556595260154,0.0205975091871604,0.0351053152732277,0.0320765701271469,0.0529054917502691,0.0347514439026861,0.0139039333867448,0.0508134009962211,0.0419396788709198,0.0252461008260972,0.042284229758416,0.0867193217905197,0.0175945029385408,0.0430965663427787,0.0310796553818344,0.0179040225093869,0.0177971723369265,0.0151943323400918,0.0235556214670133,0.00745181731324853,0.0380289760998695,0.012164780142537,0.027724337222194,0.0220938528272975,0.016978502318414,0.0617960791546641,0.0310745158094952,0.0368344996044834,0.0195868647127527,0.0338934975774659,0.0397851574611563,0.0370915348543634,0.0282006626471939,0.0626559747330262,0.0254336454535753,0.0309933801493271,0.0309924418880828,0.0243508582569354,0.0578792731096728,0.0107736703048982,0.0139770449972629,0.0306611158037112,0.018327926679565,0.0217853451695484,0.022429349073045,0.0184594338380526,0.016133457725124,0.0322536975464644,0.026303961328092,0.0723425306373773,0.016633963207159,0.043478940073254,0.0678980959198974,0.069663025334273,0.0415261586148518,0.0197342517019959,0.032220118715445,0.0625088973761463,0.0348672820891067,0.0244707333234674,0.0180400689093369,0.0477058380796756,0.0501541821454885,0.0381377662197483,0.0588304572295788,0.0191755873358692,0.0452655606790758,0.0366821905214884,0.0415005797904131,0.0401439273160464,0.0305090231064586,0.0377031742796908,0.0108172661817689,0.0365471262263833,0.0349282979819885,0.0317385128865774,0.0360898898281834,0.0463043440380529,0.0384699508895779,0.0286230031854047,0.0420712120587202,0.0496949079810145,0.0197205853996615,0.0284991735170688,0.0449357910481661,0.0491248731388852,0.0495805981201365,0.0313630521348058,0.0384460643526972,0.0183408496151839,0.0269364364018127,0.0150544012167821,0.0268553159427245,0.033085781628473,0.0280802711859039,0.0312912778527654,0.0260114661975603,0.0287326773279231,0.0202595891177605,0.0226380969119977,0.0202324155792595,0.0272585677175404,0.0335316548342783,0.0277559920236954,0.0490413828618552,0.0221107290791725,0.0291671457551502,0.0230951593418428,0.0530591141209226,0.0217783059899844,0.0307008225640708,0.0605952177963821,0.0265129186530964,0.0413713093001771,0.0320457836011779,0.0425436357106643,0.029877802337457,0.0292545119439601,0.0475569956538726,0.0548655030278199,0.0217146891044935,0.0431556419319528,0.0406692305232381,0.0221144717944736,0.0208826516291665,0.0550910780194306,0.0440904909912451,0.0234047421168345,0.0124587742932522,0.0748522507121707,0.0255417816043976,0.0348277567849644,0.0145257926546017,0.0202804480286312,0.0166107246767512,0.0121458527288766,0.0251275647375899,0.0281639564546564,0.0287608622982554,0.0254707502992227,0.0527346159536067,0.026643606172101,0.0478801366215024,0.0479525916251307,0.0483220670661128,0.0250418165341269,0.0227764550782379,0.0244383152176921,0.0270751758991533,0.0265913543940797,0.022289728550759,0.0317893163670868,0.0273757868114231,0.0255199063095792,0.0230121461177057,0.0285062293650581,0.015258952622457,0.021150710955604,0.0260046684025054,0.0470617028016009,0.088142556846263,0.0178461387762836
"twin","generative",NA,"JC69","strict","yule",0.0377691036276448,0.0405240802085384,0.0404450331391282,0.0618462536852978,0.0424161796521355,0.0320406675473892,0.035634365509306,0.03358448045086,0.0563634110709755,0.0250555820852438,0.0533065160725104,0.0354781196053153,0.0428935493116083,0.0291652737356922,0.042315857058856,0.029409185961134,0.0293080690997278,0.0371735008302862,0.0530219966989794,0.0376690333050593,0.0254054099341924,0.0458174192120576,0.0434234599624641,0.0326703690280192,0.0579091174937255,0.0335654298400203,0.0499576893648102,0.0310934215461059,0.0755111115352007,0.0314719457854752,0.0174836388018617,0.0460831457472096,0.0349963035709266,0.0757957409326576,0.0423691562718654,0.0587537821690186,0.0228129281718263,0.0440675580596111,0.0407528693928128,0.0547735966047699,0.0274051887132171,0.0403440363384135,0.0346714532030985,0.0442764358996361,0.0314809444688531,0.0295780303150349,0.0678599202947932,0.0397008535638987,0.0642172678766452,0.0443113110621385,0.0466534015060446,0.0316875782533459,0.0296566011010366,0.0375461172317041,0.0727594836029115,0.0666192510083144,0.0464412977573749,0.0615491384907337,0.0490083832524251,0.037432139430218,0.0431628820303868,0.0186616258791112,0.0495196206487727,0.0451308888302888,0.0702153406315626,0.0515280287004266,0.050476560059257,0.0313922260689721,0.0299595697007215,0.0395383504213465,0.0494016394936102,0.0490268926616246,0.0326214561944832,0.0418479878603778,0.0338538522447712,0.0448141305695618,0.0241558799531499,0.0299873307167531,0.0258072234642946,0.0557123976165752,0.0291731663071442,0.0293447490380091,0.03267783305111,0.0193366322722027,0.0246451959899194,0.0207086071796745,0.0590304218290336,0.0272705711414464,0.0347182451213838,0.0263722793597242,0.0233989563334774,0.0254500678452522,0.0437994679392222,0.0314294735005298,0.0255870894637634,0.0441359376888141,0.0406999208913407,0.0197530241732107,0.0305052321798505,0.0446655167774525,0.0395601435650753,0.0429099202961259,0.0313441161307131,0.0423707881706444,0.0493934578825922,0.0634114479329946,0.0704652263231753,0.0465954659502708,0.0414162130015348,0.0280039654938587,0.0451442706012088,0.0288168462872005,0.0548261738350002,0.0426937563447261,0.0323501188488643,0.0365397189571974,0.0438240453688933,0.0320510215003952,0.0401733302920444,0.0319261246396391,0.0270949589718124,0.0423064009689809,0.0741344428787686,0.0268259486387156,0.0395756426314835,0.0520253626514238,0.0450517491362424,0.0411362623833236,0.0355196223273254,0.033795845229016,0.051307488731468,0.0258864185833164,0.0364373818864852,0.0247460347248548,0.0460358792641378,0.0392798862156359,0.0293266715881549,0.0436581942007437,0.0330567772723931,0.0575524410728537,0.0521560735247747,0.043950071328585,0.0423097635556125,0.0346220092858702,0.0527626475907443,0.0172122641608882,0.0467952112739798,0.0361388284187058,0.0387859662009335,0.0361679788059152,0.0355165876525295,0.0430287376409451,0.0432873207717112,0.0223760095023859,0.0447730079781462,0.0469260666107428,0.0382712076404851,0.0658971399411926,0.0369936352428019,0.0179944223525214,0.01496955399338,0.0279736678059262,0.0510971800974521,0.0380624877624025,0.0442980268375348,0.0403499120493084,0.0476887912499985,0.0475817350068054,0.0380454533919298,0.0540190541358568,0.053702708941782,0.0367169061573054,0.0219939976993729,0.0597859782288289,0.0386126052057715,0.0387932628361752,0.0457963507016555,0.0433621931851338,0.041696341128571,0.0606218968563045,0.0510223127277679,0.0337528870048341,0.0489270599555782,0.0349724312053128,0.0476032309359496,0.0431885172704481,0.0566514855357409,0.0441664054803622,0.0227130178003365,0.0353803422506443,0.0302434497173547,0.0372519037832189,0.0199559511582208,0.0449274803101904,0.0339566612991416,0.0370819835661137,0.0419088114507439,0.034842114033663,0.0281933399357158,0.0383667844083951,0.0416122261078031,0.0400541502874697,0.0421065477176383,0.0439757230203134,0.0260520979029007,0.0415745069768545,0.0635307085087225,0.0549048313381826,0.0511838033136499,0.0305483244118874,0.0509767947879654,0.0595961866939793,0.0447314601251588,0.0474900844230926,0.0226508984940053,0.0329848892856047,0.0268574846741433,0.0218399705323286,0.054741639600114,0.0438141389996372,0.050286469819244,0.0509809489758296,0.0378985171308343,0.0302607015915344,0.0401933834469263,0.0267549758139124,0.0567195155672455,0.0219065148577119,0.032067373308124,0.0335030027866912,0.0374283922894724,0.0366223887424671,0.0542853987840147,0.0347379110249318,0.0396275012684062,0.0407173771028579,0.0330365241133403,0.0408307948472658,0.0696726299339699,0.0145731519694703,0.0489122072851043,0.0302254082614079,0.0390774208820159,0.0154191695193237,0.0308885505159185,0.0523820801863757,0.025580128076328,0.0434480598945539,0.0527394277098886,0.0224354193939746,0.0443743081148319,0.0389700680253338,0.0377606906807634,0.0210739504676421,0.0260035743111872,0.0352397999571995,0.0405496593193042,0.0235364618329953,0.0425419393892748,0.0394087033625947,0.0375042113561625,0.0674846826284393,0.0281346365866917,0.0342241995087565,0.0265569456557941,0.0372959686181367,0.0389908105164473,0.0492610756721543,0.0312864685956705,0.0370836240881475,0.0157538111182391,0.0485087327171921,0.0390607267640769,0.0396327730635988,0.0505597171878594,0.0419242834969162,0.0364627802213957,0.0432027767206062,0.0695728422503588,0.0220342887221999,0.0347854033950009,0.0410468772085987,0.0549034417812372,0.0758644595240117,0.0387910020072997,0.0384076467409823,0.0501534512755979,0.0571391240598524,0.0747658477362668,0.0292922850467929,0.0234933093661597,0.0201555277780598,0.0634386652200193,0.0402834686762359,0.0321620632924586,0.0482048755617103,0.0193399555625424,0.0270064637464947,0.0416050590545229,0.0417763975259218,0.0416135282681513,0.0514377524729811,0.0376348979852511,0.0429308842619391,0.0273211889816239,0.0507442332309942,0.0144672112138592,0.0305801754404793,0.0730655382459982,0.0332707274621223,0.0155738548042446,0.0333737353871758,0.0454090374018908,0.0411473893479048,0.0223751864350245,0.0533585122380913,0.0771328913929336,0.0195109797124122,0.0281714308925897,0.0284530352787135,0.0271929198286055,0.0281095826785761,0.0440840944533574,0.0596202889903364,0.0370202401988901,0.0423697861356932,0.0411398752010902,0.0245380509714335,0.0126528907930318,0.0350360841822133,0.0506650824592631,0.0550019957960301,0.030401462677742,0.0274014043735578,0.0513933409056799,0.0426591265046592,0.032328304199561,0.0578112708640823,0.0335832084129263,0.042035764574795,0.0296261118931119,0.037143002672134,0.0407952137173547,0.0373632656684912,0.0878509240477042,0.0542577395522164,0.0333616575425138,0.0662806518302477,0.0521400494293968,0.0538083789512436,0.0276729933111672,0.0240910696993025,0.0498164869768017,0.0573362823581273,0.0447472552533695,0.0312150027618376,0.0544173531530585,0.0268498627160947,0.0639466875692191,0.0333540462082073,0.0609613774414412,0.0531505678992382,0.0399753868620923,0.0502945391853589,0.0369943336468072,0.0509456680805861,0.0425049217211845,0.0166786152938581,0.0263009145915934,0.0361124093527446,0.0573463464956415,0.0510779248961337,0.0329248188378204,0.0488024940946588,0.0412967970663072,0.0585430956798393,0.0314228429759168,0.0349376754567675,0.0573628093445206,0.0397600641414395,0.0368904524432447,0.0300475879412007,0.0461061416908869,0.0342792216657411,0.0504613858452753,0.03751505410096,0.0381349887473763,0.0328521385328517,0.0268994973871279,0.0486461961155875,0.0428071749799417,0.0376716195742323,0.0267494517566293,0.0530828685372103,0.0604084447493747,0.0389236281392286,0.0453366696669224,0.0901546612395563,0.0582301523057513,0.0601519600349889,0.019528486060351,0.0424679099574222,0.0436890502243248,0.046546408128744,0.061370302360129,0.0203015551010697,0.0346853314293984,0.0313532420408641,0.040699445625379,0.0318397237500641,0.0261880428892284,0.0613708060491574,0.0596394048102776,0.0417343415369908,0.0307330928139526,0.0558205722121159,0.0338482317144989,0.0611641582928878,0.0290582530190161,0.0495922320331954,0.0292742145170354,0.0359245773738201,0.048004296736524,0.0299436083700594,0.028859106773696,0.0698986904574474,0.0383118021773078,0.0449479715730989,0.0404640682021007,0.0189862591180204,0.0469238151191682,0.0427942690769639,0.0354982865209818,0.0588770241720359,0.0611282312924667,0.0485782244137293,0.0278669188146499,0.0559263728719093,0.0164403494431082,0.0472498366785066,0.0521365351557399,0.0306010597856138,0.0514364283891746,0.0531012993653368,0.0220553239367405,0.020154823429798,0.0516690913955475,0.0432312880660207,0.0447811077714513,0.0367018971921405,0.0275002536264935,0.0454593549797503,0.0249204748429738,0.0194212539972408,0.0368106693402323,0.0768131304730425,0.0606834946264956,0.0572162908853554,0.0333957789997261,0.0542772438152199,0.0406296511404911,0.0438508092243457,0.0304227642218038,0.0451996493022193,0.0479067985479295,0.0440687919735193,0.0256279562051461,0.053088483109482,0.0393420422379344,0.02376073454931,0.0544052374901355,0.0262631986443191,0.0586937690463751,0.0499972120885422,0.0523679713364898,0.0250801679320326,0.0414250036724573,0.0251941091428632,0.0252173237582053,0.0164589646334733,0.0255814615162493,0.0667519705452424,0.0592108843637617,0.0304216784090168,0.0213557857569309,0.0471527964513571,0.0490251022392961,0.055228331894309,0.0650526700853495,0.016828586674589,0.0435534584684046,0.0392880386909784,0.0410992850387478,0.0820907678957709,0.0252820958644502,0.046126685599668,0.0511944632040908,0.0263031515414951,0.0503049667936011,0.0184141166362399,0.021480466305992,0.0375332300615439,0.0262353066022651,0.0253107703911153,0.0388750277936084,0.0449359818190665,0.0412714362824668,0.0461656708763046,0.0249522263306494,0.0273327983195616,0.0423894343769513,0.0347864906566931,0.0322101245920452,0.0319793674146767,0.0485173003896538,0.0458171173586138,0.0408685855972303,0.0384213614295094,0.0527529731369806,0.0522272855560736,0.0569955901248301,0.0538335478753781,0.0244693859356684,0.0581289330834503,0.0190885823528894,0.0381766571112353,0.0320463658538257,0.034271502142641,0.0410714391724356,0.0389050353631692,0.0348175351872035,0.0296354233332749,0.0518518065549195,0.0342036885174056,0.0233776696657718,0.0426470146710803,0.0568249690688944,0.0239423225516447,0.0360901593529119,0.0325840303961008,0.0233802325336979,0.0495032073937256,0.0211504561833353,0.0454412626046906,0.0494875005122812,0.0313332229343014,0.0361349670671289,0.0263910499264314,0.0459889183325805,0.0319701813769645,0.0455185651064326,0.0312593486877104,0.0421964278801604,0.0338689809702371,0.0352323472864642,0.0432030629554522,0.0227630263202916,0.0358558444646902,0.0464318577366679,0.0427234655816588,0.0538392495341371,0.0431548251233065,0.0804054788974828,0.0420283253371103,0.0448482905613635,0.0402125228140023,0.0356405023914241,0.0557840997420315,0.0508668644943533,0.0270080594973292,0.0520677491107941,0.0579492124044976,0.0429607544969094,0.0646262622344251,0.0472238788878425,0.0214234277341457,0.0272564313291578,0.035434594414864,0.050423263401875,0.0821447147044525,0.0409353949228824,0.0399354513339775,0.0264839115455097,0.0315581213854747,0.0502516072443493,0.0234238458938432,0.0364656960334723,0.0323065735672987,0.0446312929123162,0.0319357608556251,0.0646050153303217,0.0351106272684558,0.0265330761590067,0.0417294580638567,0.0299092004919824,0.0455496982428908,0.035578016390629,0.0404128066684323,0.0522308383709848,0.0193841047305007,0.065089954634104,0.0218270714738574,0.0294271384179859,0.0286053830420798,0.030300117269077,0.0437986511047125,0.0503760860103446,0.052767665744939,0.0297153993983973,0.0380471113469422,0.0519203099860529,0.0331776943883005,0.0239566069391283,0.0266119860972008,0.0562932281142802,0.0377534314910922,0.041582329153214,0.0389170194160804,0.0428777757271318,0.0593943911177699,0.0238449695281195,0.0547528839479359,0.0451966030413452,0.0450890244520081,0.0545158547737394,0.0287590571469608,0.04590027598854,0.0171471677411539,0.0587420182212349,0.0423963066741084,0.0463419543573939,0.0594248276920452,0.0403606238243077,0.0323210567011083,0.0188084974051623,0.0307608583385112,0.0189313896265389,0.0551117565843609,0.0425503710704938,0.0568117189523099,0.0706180659172079,0.0526775041664843,0.0541788567573954,0.0703452250997802,0.0355758105015359,0.0316929606952452,0.0457036573714509,0.0319209957945117,0.0450243194311577,0.0500076698436176,0.0310689112296593,0.0166044153903858,0.0362892814101737,0.0435334581152582,0.0297326297949357,0.0316339143379664,0.0443234493475659,0.0529232605508312,0.0521613396268291,0.042992809692496,0.0285906165310103,0.0388823320062155,0.0191136265683285,0.0812271468252348,0.0439087286852623,0.0227232694207569,0.0330825654979834,0.0256063961078547,0.0422393608975725,0.0527800069266564,0.0171848382774544,0.0370178377664253,0.0393320071216145,0.0612711945574358,0.0444216854942633,0.044139728185637,0.0712256801206053,0.0347890073595283,0.0330441699981824,0.0440720764921614,0.0446747000682412,0.0519638697439572,0.0667748059856629,0.0467319652553774,0.0333497402386431,0.0219781731490929,0.0336396621144062,0.0380959335302551,0.0257449325686774,0.0427890691092478,0.0369383082090547,0.0465049048927585,0.0408070875715752,0.0479085865595768,0.0448989145327618,0.0500137854134316,0.0490215790509103,0.0324581443502764,0.0306769255172792,0.0406124336955796,0.039789620994466,0.0388943926020044,0.0279447379429616,0.0767006916987884,0.0504348986033746,0.0286722308069136,0.0486739303850116,0.0194604622998583,0.0444377617565311,0.052945565642602,0.0270191190015004,0.0168811476145019,0.0253771192432187,0.0488380349890942,0.0559680105108457,0.0424972549979324,0.0464529112656424,0.0221395551468493,0.0676970263624342,0.0428780580957834,0.0197376157767205,0.0352569036146864,0.0623452770929127,0.0504530947044563,0.0724667565451597,0.0231419151553032,0.0390512327962468,0.0269628478023891,0.0625215923357659,0.0218606483191007,0.0287779845690527,0.0621336723765731,0.0324379063886673,0.0293113223090497,0.0264390714893458,0.026313687879207,0.0391768328989602,0.0271681702040932,0.0313594017631141,0.0496027554473381,0.103382408858836,0.056143005958587,0.0541562270329045,0.0339904308536319,0.0274062987452319,0.0295409534735722,0.0345121225160898,0.015873153128502,0.0343015215978747,0.0202972760434206,0.0404764027194504,0.0360474199804813,0.025960288142194,0.0584345625800851,0.0499114916350706,0.049551437952319,0.0527805757014366,0.0284750835682664,0.0608704740070816,0.0315900437405136,0.0335113633133357,0.0597220403826884,0.0376757511902134,0.0290550264317305,0.0416809971769309,0.0309203865891025,0.0463261719498094,0.0612355482470125,0.030565671130387,0.0362941385129066,0.0315860521044499,0.0459534753439076,0.0348852117215083,0.0353811521248933,0.0437691353010676,0.0478822848625774,0.0733229165386126,0.0336586795393358,0.0203345258061942,0.0239295107053857,0.0424887313987353,0.0156428822575567,0.0562075464993851,0.0389958239083957,0.0385207401228341,0.028039889471289,0.0563096449936577,0.028077917240702,0.0489607233794343,0.0408048780326446,0.0610027319051021,0.0396532461047702,0.0376539862950068,0.0382260075037579,0.0523813207698942,0.0388132769975072,0.0345778010538006,0.0505197238379732,0.0408867343382037,0.0328972284368902,0.0506238773436187,0.0422662038012238,0.0661284890082324,0.0471632233650717,0.0507396853586644,0.0403398673863183,0.0219123976218969,0.0383885603630888,0.055646669137508,0.0262717586488483,0.0435589069133908,0.0288656241914475,0.0412146656362731,0.0597513690263612,0.0423060916834584,0.0277504532536845,0.0174609018207281,0.0365625839135745,0.0497277042878735,0.0369423269415163,0.0325688940499605,0.0228206353573281,0.0659243272960412,0.0255084897066161,0.0435290491528611,0.0308280752033516,0.0286413173017694,0.0465667726043858,0.0518062058375523,0.0319307514852746,0.0545064516908635,0.0616130437179812,0.0670229562928158,0.0379109122682182,0.0651304348030109,0.0304560590301666,0.0376263621598901,0.0473612084599386,0.0544881061225265,0.036981922747446,0.045171417236643,0.0310494974202422,0.03133446677962,0.0624076215762402,0.0320802315154224,0.055791786197388,0.0384652255007506,0.0363704475384479,0.0477326334415795,0.0358773915988899,0.0344035592125759,0.0258180401967976,0.0470503501324065,0.0440750206282885,0.0368975111111813,0.0754547473442745,0.0376618982635056,0.0393729897992075,0.0417719564933008,0.062051623028581,0.0265434632162493,0.0503733878125555,0.0267849279158994,0.00462057810883156,0.0308723148028956,0.053547610184874,0.0382026708128802,0.0356892404680497,0.0741767342512372,0.0239786079450081,0.0510482487590715,0.0392265988342118,0.0551991618670837,0.0186745009152784,0.0177689837697459,0.0221286566141234,0.0461851586920683,0.0398307743889683,0.0527562299761448,0.0171091280357948,0.0485444683129801,0.0390224973218585,0.0287040697993007,0.0487823080750226,0.0177240389768964,0.0333655881146431,0.0250882666443901,0.0196455696982109,0.0477841834380049,0.0339619258205063,0.0360615325855549,0.0350338212807759,0.0357682915565649,0.0240815997108627,0.0786084467682696,0.0615335854892207,0.0505580884917412,0.0312585176310791,0.0435426309050124,0.0213207151885344,0.0416728740466248,0.0379724221064665,0.0434828288227218,0.0821898564449348,0.0505973249696004,0.0379286169330253,0.0276885879803275,0.0287326961708909,0.0315705400676776,0.052747194556823,0.0271044161142141,0.0495124127939673,0.0466411557774507,0.0295637202329359,0.0432890245776109,0.025937696977388,0.0443749242674759,0.0349619996074377,0.0475527312328193,0.025525362685687,0.035608787304361,0.0770112767125215,0.044084401858278,0.0255960360517389,0.0409788639990066,0.0543978188696912,0.02345732701879,0.036608291447332,0.032311901237573,0.0370114614966632,0.0528573345913575,0.0768250869016265,0.0403243268833234,0.027644801798007,0.0406252182066822,0.0296647654536196,0.0609555676288359,0.0421166574171624,0.0608038228388331,0.0406570472576301,0.0398025529062136,0.0375545103528563,0.0431901426210369,0.0290302041473736,0.0430617700484183,0.0183372239264156,0.017159285145626,0.0567431397768819,0.0481784887221321,0.0249451781402553,0.0328777903763055,0.0358435194929879,0.051582523517209,0.0449455390465616,0.0422228930496701,0.0172294245244325,0.0650741009077528,0.0448917685909749,0.0320824271839848,0.0424624263083722,0.0499449162070347,0.0442062193701857,0.032039815726615,0.0713591636276183,0.0424814029265123,0.0296830221042371,0.0510315408748981,0.0353563123716693,0.0394352185666575,0.0335844002660591,0.0520500079456334,0.0313004069033775,0.0487844613185466,0.0405792111068628,0.0437536561761923,0.038983340500924,0.0370833398548841,0.0347307082419713,0.0251889664751644,0.0532817902024467,0.04214588125079,0.053466536457129,0.0407800893156047,0.0662540194473943,0.0439732427479388,0.0430614824677084,0.0199112879461507,0.107238969892075,0.0857067122198177,0.0148993197805812,0.0457236517638056,0.0586034886274108,0.0364825893151654,0.0189025425122344,0.040841617045785,0.0536126536050733,0.043568947605798,0.0568133739502235,0.0227647093355417,0.0504832402508204,0.049313877420001,0.0127622997500136,0.0392302111311469,0.0484570760038231,0.0533854821244927,0.0184712423486373,0.0155338272793405,0.0399412979201586,0.0253602850500137,0.0538312974643041,0.071540506061161,0.0281844834241193,0.0297100928152643,0.100667092219785,0.0494498365407572,0.0332290962406168,0.0309267612463282,0.0503393546292667,0.0269982908722361,0.030571547332901,0.0280008319335165,0.0493931882341451,0.0390948842027984,0.046726231872245,0.0472062089744789,0.027160276714107,0.0536150642974614,0.0387552027138585,0.0304788988074822,0.0251431121133652,0.0514866496134951,0.0500881168033064,0.0535978528498609,0.043456003308429,0.0404862624177187,0.0151417501934678,0.0261988414191909,0.0333230946136861,0.0311061493845142,0.0344243638136398,0.0392599541231295,0.0239588764150712,0.0390813333376509,0.0244002770885932,0.0514135639208937,0.0475835259859762,0.0326907307846167,0.0460868319539723,0.0393828791193295,0.0515149606558429,0.0573951883116515,0.0393767310375472,0.063530979566281,0.0384399249626526,0.0375470722973357,0.0237062791672307,0.021200109341051,0.0384145721091063,0.0459508411820582,0.0232470944703839,0.0287219440372097,0.0238099092218622,0.0472538879982916,0.0395337040109436,0.032064544969181,0.0443072677503039,0.0346703703840085,0.0634485988975444,0.0266778718995914,0.0256290834401975,0.0541270951215034,0.0378015187088082,0.0457113886302447,0.0402779885816104,0.055416189814125,0.0430555812352459,0.0452520267639483,0.0432589459605514,0.040091137891392,0.0255195952143259,0.0381296422205443,0.0413579522046532,0.0391805881265244,0.031078884749341,0.0366194727387375,0.0306211065596464,0.0291862916172172,0.0460340769946108,0.0308100396539634,0.0569356962670808,0.0255397535624936,0.0197295541953227,0.0194468237624477,0.021354388236287,0.0374520525821478,0.0289361072917914,0.0137568110388644,0.0346253668093457,0.0233981382524597,0.0420847135554127,0.0328020044465183,0.0299618979154477,0.059355843902011,0.0699968541050426,0.0601439542576882,0.0301013760247763,0.0369413780671548,0.0374561504240991,0.0403378475854298,0.0356280494598127,0.0347541734208639,0.057280732211566,0.0304642782549035,0.0282333087044518,0.025941854374921,0.0322054734415292,0.0461931578997383,0.0357476871377674,0.0617879108311225,0.0276474556586594,0.0373120445780577,0.0433245891493765,0.0435699836592653,0.0542555115158821,0.0336980723817375,0.0198246432461362,0.0396974028358095,0.0546175361870179,0.0526238154844245,0.056526370167164,0.0520440744758489,0.0428923044269075,0.021933439587314,0.0464920084861238,0.0312467308996315,0.0362506893962879,0.0444889645574514,0.0263660746336341,0.0313803509570519,0.0313915410520208,0.0202046448869325,0.0302602120624912,0.035819541979641,0.0442076481827699,0.0459185086345929,0.0424856469396217,0.0615679340558088,0.0207558610561448,0.0287846207375447,0.0542681965659862,0.0279350282450689,0.0453942298687356,0.0279846387444853,0.0188892249335939,0.035331466451558,0.0193323664265489,0.0462690100357395,0.0475728473698918,0.0443810060192758,0.0635850350682876,0.0506213470249859,0.0327822006933946,0.0540578283214501,0.0569709531065374,0.0351602079489818,0.0669192050115433,0.0330785858592413,0.0217217767882799,0.0309045980087863,0.0459972017974085,0.0334434194370998,0.0387458339778778,0.0442955435218414,0.0136931053302526,0.0214323546204837,0.0979707117976747,0.0232557718591718,0.0456344395366642,0.0564360423355841,0.0667189804097248,0.0550465374269549,0.0509642580467709,0.0458152473199056,0.023973927255383,0.0311323055139209,0.0493743792904578,0.0292065011715724,0.0348330806321578,0.0280627486217364,0.0372562063151871,0.0471113069238733,0.0367468375086598,0.0255452311052232,0.0265987986666979,0.0367645382984517,0.0526321250277951,0.0367953646839007,0.0423759155371537,0.0580587446123478,0.0249688676303805,0.0319646678466566,0.030204448650604,0.0342037971602107,0.0412575306848103,0.0350515570541214,0.0237743459805759,0.0464249043727985,0.0310625010431203,0.0314291418337365,0.0366062676637497,0.0611103218304118,0.0545942962818527,0.0447885566288343,0.0622753420987293,0.0338623135422286,0.0352824968745419,0.0462149315533917,0.0316287978266978,0.0441636695898283,0.0346995047815046,0.0136116133325415,0.0520088682935117,0.055354655357968,0.0468602932354795,0.0317777322365338,0.0342402465757647,0.0443901443218288,0.0626541424033726,0.0292439390953916,0.0406709430581621,0.0441414787620564,0.0387289853548144,0.0418665489845198,0.0489625680930693,0.0387460674668144,0.022627039349977,0.0388654239106305,0.0161173808211086,0.0406767807403559,0.031796157359226,0.0375525014526253,0.0294886882376018,0.046224403755236,0.0275939708110484,0.0372154430401227,0.0396776570956634,0.0488157928572936,0.0464884193318656,0.0355302719789825,0.0664442134774092,0.0437513581212502,0.0428036820340349,0.0443987892832097,0.0509568907879576,0.0402434822141018,0.0705553439553224,0.024611024473654,0.0395620239960474,0.0481535734994201,0.025137640687378,0.0485568688802434,0.0608133124656884,0.0444633606048652,0.0230230323566594,0.0574614868220487,0.0436293105293315,0.053240089458047,0.039505347851451,0.0377402759618177,0.0708998230490176,0.0369498290563731,0.0355357611557457,0.0419018870979969,0.0508699362109025,0.0823637233785264,0.0272499669433779,0.037139086487773,0.0273069438628115,0.0586740902771591,0.0381249408591614,0.0397493387089726,0.0680116520621244,0.0355479162623216,0.0368904369734717,0.0451765944335762,0.0574082016963762,0.0744315073670427,0.0390913960898462,0.0550596865589689,0.0337896711570628,0.0455512201197089,0.0577362024695961,0.0556910210095783,0.0443992026525802,0.0326781556386542,0.0723797588278655,0.0318729329645454,0.0445957018679174,0.0481284399210529,0.0523523879388347,0.0445124653609055,0.0336942300629919,0.0465768291201671,0.0527437491286819,0.0367592308389862,0.0492720021471205,0.0860777292552674,0.0329129776684963,0.0488076741308549,0.0390690447245998,0.0340000351310246,0.0512906151369871,0.0526068896747934,0.0623311475597977,0.0468103605601389,0.0769823649348195,0.0361674967249947,0.0479791055495015,0.0890781615622643,0.0408656274281918,0.0503430389997668,0.038564545305871,0.0406043259484037,0.0501791923288191,0.0518961640743053,0.0508639473415387,0.0695904828934107,0.0336544331285817,0.0510085246912762,0.0592700487997417,0.0549105656100709,0.0650534723335393,0.0578160405896936,0.0370491190372899,0.0338104627678862,0.0345683098403776,0.0437772321217434,0.0596454117300514,0.0315131672110068,0.0310555140558705,0.0270681538234532,0.0378694084879359,0.106820039299649,0.0181113811359991,0.0463735236258433,0.0386906374894955,0.0324194919149789,0.0261049772928156,0.0224954705000259,0.0334421377769556,0.040079199601523,0.0383884359376529,0.0377272230826529,0.0309717668526428,0.0382464028865106,0.0141976395135136,0.0312513943001189,0.0487939122258957,0.0408067477230491,0.0300659937080167,0.0202355082186012,0.0407803861309137,0.0359165942798786,0.0174068024625105,0.0259973838977146,0.0452338911807224,0.0545009924155367,0.0316830832390668,0.0167121575967144,0.0596187435762793,0.0450204046348525,0.0337263571590809,0.0357825383416632,0.0342551914104831,0.0411980564640666,0.0269711438301652,0.0264028941803128,0.0380875651010817,0.0433327792027411,0.0272660668990288,0.0478056507113021,0.0355428915377619,0.0478188562807946,0.0581559067789621,0.0733557561614718,0.0390711300328141,0.029533826215764,0.0305637457119107,0.055900544341051,0.0321965587986841,0.0400098139069835,0.0373336150228761,0.047863680192853,0.0595356913983466,0.0217912731171059,0.0445507726622336,0.0424183334461064,0.0579616641453051,0.0318552663836633,0.0707853294037124,0.0617040488723578,0.0401716878091239,0.0478436921987738,0.0452243637650732,0.04557101871799,0.024311377978656,0.0410570658608145,0.0333407988965171,0.0300173095550995,0.0461098354457354,0.041486998321482,0.0277521471014382,0.0476650318300818,0.0557003069689517,0.0375654529275924,0.0766737232384352,0.0520400761859463,0.0374154367724272,0.0326993374094125,0.0507145289145875,0.0253005412751259,0.0512029099001467,0.0450443200085505,0.0196854453958111,0.0365579951172723,0.0296806619094807,0.0335458847842745,0.0225815579448805,0.0395800428165768,0.0323031782225988,0.0340683991754491,0.0252728509496907,0.0272408207731001,0.0433586333379075,0.0181137696502686,0.0199660465861472,0.0286180218353616,0.0391840805890004,0.0353385152409241,0.0324514256557139,0.0399124489764923,0.0335213565022414,0.0266319914209047,0.036660743182897,0.0453568149416225,0.0528193994846705,0.0392045578940735,0.0268181853670773,0.0338318898141825,0.0447228567560941,0.0178223511167801,0.0568408243040212,0.0450637371796784,0.0263026121076054,0.027769551588262,0.0431825023507255,0.0310836517707266,0.0256043589299214,0.0362480050968162,0.0405851280462936,0.0326078708523381,0.0392226504628854,0.0334115004044416,0.0410878711703608,0.0248090495398617,0.0511708947087843,0.0507251005014499,0.0413575220654737,0.0508792806437387,0.050885096799327,0.0481554333832834,0.0586178642481492,0.0443436496018651,0.024509797074934,0.025348486418322,0.0341012268949735,0.0466337763177717,0.0335383459356712,0.0272197922212669,0.0667531721053245,0.0468203837455853,0.0577084594617757,0.0441519192336178,0.0249830468474208,0.0302523165247883,0.0308018633033171,0.0423419041105036,0.0585356110749224,0.0583198551646248,0.0292411867082392,0.0220600044781663,0.0384694162478953,0.0363796480154995,0.0237522960488284,0.0590645854155913,0.0463334556902397,0.0331993791976863,0.0450277712853829,0.0506360155322476,0.0337235788455676,0.0307584204062697,0.0577171786092919,0.049980812885254,0.0371877710355347,0.0526380605729425,0.0248394818203307,0.0500819105889463,0.0577294960923592,0.0413797139005114,0.0410202572476995,0.0447159317040236,0.0546036987410956,0.0278873987503267,0.0443381294917992,0.0372376236294939,0.0357702460748295,0.0281201546986607,0.031299325971277,0.0300928582047847,0.045365512110112,0.0428539445624854,0.0376273037877993,0.0526476096880265,0.025457701070537,0.0174725586020759,0.0464948009932274,0.0354569545547253,0.0376866875364758,0.0341197217916569,0.0462515035868418,0.0511405839646104,0.0582462912474967,0.0303118362997192,0.0302284957551631,0.037927813339898,0.0474159066746511,0.0456176753207894,0.0166495333262661,0.0439878751115914,0.0352893517995608,0.0398428494011727,0.0320187076013687,0.0653278408569512,0.037558411238493,0.0451195985357749,0.0506095855491071,0.0318266709000143,0.0472696195579522,0.0373620805955887,0.0411464527377044,0.0142613605749355,0.0267236993028518,0.0423561217092193,0.0473068962798789,0.0347000252686043,0.0595183078277343,0.0715776974767013,0.0234309197388388,0.0494280998067986,0.0223095081483054,0.033791109142336,0.0302705128444925,0.020528069667846,0.0395066199647568,0.0140213807334764,0.0462357712340793,0.0434550928578649,0.0410872316888947,0.0500093252065443,0.0399195091112595,0.0303522604982226,0.0460162436864776,0.0173032239927504,0.0420947884642038,0.0496876577573702,0.032872684301543,0.0477227094678169,0.0383476448416897,0.0525007169315368,0.0338950009612672,0.0254544068818441,0.0408670330000493,0.0335932020603317,0.0288394784863425,0.051467275296814,0.0424730642632716,0.0264375668998776,0.0578220409597902,0.0369961026680329,0.036234650956389,0.0317839762990742,0.0279227483263573,0.0576802351645398,0.0510524657325004,0.0341892347770548,0.0133943078660415,0.0493929124640548,0.0534515726396591,0.0447763579892366,0.0818195611427848,0.0537546798540643,0.0458366323797773,0.0352305245616401,0.0315151650171778,0.0654694187029196,0.0427891670762832,0.044929816043013,0.0463277668282379,0.0307325302419138,0.048960906832971,0.0296858257106367,0.0311350666464781,0.0267151918760071,0.0325843495880415,0.0399234835943285,0.0727943352590409,0.0236390152892384,0.0403782695487419,0.0466824679579621,0.0380017502966426,0.051855030945979,0.0418419018335727,0.0514091302836154,0.0549974483955194,0.0403289257965194,0.0214847259909937,0.0567595255278854,0.0466314006208211,0.0328972992781862,0.0302940394227082,0.0392498762564242,0.0524823653962427,0.0335282633329164,0.060546403165349,0.0676104295208308,0.0500546927404689,0.0510433955500851,0.0430033623004657,0.0423552605275544,0.0592440106270808,0.0421241743747034,0.0432897248003686,0.0646938668693663,0.0271621619155967,0.0561523575998563,0.0539962056076925,0.0266973763438823,0.0402595820593167,0.024415164998794,0.0287084788117467,0.0222735664147457,0.0259664446730165,0.0269675417078521,0.0598195905192472,0.0533309408883205,0.0533282334614656,0.043003967223448,0.0693136322255747,0.0173732756675266,0.0274324636931336,0.0443691957274861,0.0299787962432432,0.0495721177494279,0.0566326090630003,0.0218532057752514,0.0489197014758769,0.041919689682128,0.0508501126570421,0.031095335178934,0.0338164225748401,0.056273770315441,0.0447318701557767,0.0302863857486182,0.053971277304223,0.0368050611796299,0.0411690721221046,0.0249860609796047,0.0343772169906907,0.0527026312481765,0.0249763805119568,0.0440478123626959,0.0525944971238661,0.0564092943478676,0.0260671669327353,0.0279687110727723,0.0407368710191349,0.0594402437169514,0.0277712793861756,0.0475845178093307,0.0289497148441121,0.0328396077590149,0.0734565608649042,0.0448657628362595,0.0777382508571736,0.0510367185386702,0.0543847488129561,0.0338880561585523,0.0528864713800813,0.0378268235336728,0.055085130739948,0.0288043468068877,0.0462104315784533,0.0471985495397336,0.0573194186566774,0.0398115137147441,0.0449862272817018,0.0519143761338758,0.0581813878561684,0.0533073395264304,0.026963192003027,0.0396983890197555,0.0421577616332754,0.0231255998089253,0.0309490444836664,0.0372807522964289,0.0715549070831521,0.0327339598370027,0.0527278378453729,0.0570667956535136,0.0691595592507412,0.0310782953829271,0.0285659580890418,0.0407541965204819,0.0651843443811153,0.0302571461040805,0.0643984861634006,0.0320057447295499,0.0348451218670946,0.0243200210103398,0.0696750312994318,0.0540855136600159,0.040840580585377,0.0476279147283222,0.0312284189493785,0.0435001733503894,0.0376394946709221,0.062786038628739,0.0218862814582212,0.0382665648864538,0.0428743093583371,0.047141709107717,0.0397430550541031,0.0429166186731889,0.0322900095015748,0.0538482303190127,0.0631550309599246,0.0579915011342819,0.0432290381337048,0.0218088979371174,0.024097114182368,0.042505744396641,0.0362318341179751,0.035784323257258,0.0665576083220747,0.0181149918369951,0.0386807011949558,0.037051438919763,0.0513403569505477,0.0271735861469146,0.0635843041006109,0.0598567542263814,0.0471325138049232,0.0413920757864888,0.0438403675841528,0.048068736720651,0.0411446203471044,0.0372618400474118,0.0346969590959443,0.0400018119562781,0.0463996327643133,0.0341015670242972,0.0208768791453136,0.0356190583495098,0.0384278458200362,0.0499420952059746,0.0341056965385212,0.0619224491823893,0.043773973015375,0.0452613540131065,0.0424970459517565,0.0505350831860311,0.0407369312654727,0.0326848435520214,0.0418818708583562,0.019957525712538,0.0205965352144323,0.0340341523026494,0.0438583623326437,0.0389786338541629,0.0238620940338911,0.0490803104930637,0.0487122798353393,0.0644575177460593,0.0144616793014437,0.0268867164196413,0.0611867578157194,0.0225716966910873,0.0467723420143563,0.0489821752587709,0.0591346050666283,0.0796392878795538,0.0286536324153035,0.0274082839081863,0.0660863800601723,0.0622802034409666,0.0238129987822545,0.038126301841917,0.0381757223060577,0.0292613152444274,0.0438943449084852,0.0294249491242254,0.0599405368550581,0.0220132572076199,0.0262987594326995,0.0470848390810021,0.0322904475372544,0.0388214861845443,0.0554885937050376,0.0301923078815814,0.05861986164132,0.0252383758231404,0.0320636579814305,0.0309930896328305,0.0856488389089884,0.049167912809756,0.0558846926085635,0.0526242907141077,0.0533462038928204,0.0263938699716178,0.0250528602159045,0.0743440388050898,0.0449403770236863,0.0391763048055546,0.0296473600060439,0.0452707153209935,0.0355713366037431,0.0746745937093095,0.043934960107179,0.0309611160473101,0.0529368601331543,0.0491496246559749,0.0622279187843592,0.0261112231763485,0.0364053960735819,0.0238949268523391,0.0485633183576793,0.0504960328499777,0.0433895674206524,0.0321547467004483,0.02829175647177,0.0476279219654441,0.014121996192851,0.0437833201676811,0.0560620954494572,0.0352426535527542,0.0422547046377611,0.0338280709507549,0.0600589026787924,0.0423351484871416,0.021095923051884,0.0299408900208041,0.0305862918786556,0.0395331906423421,0.0337029404787584,0.0395275292651401,0.0586567210577459,0.0205471967994529,0.0543984642370309,0.0589697648822343,0.0329668865946426,0.077456201196799,0.0526363007849049,0.031604250770676,0.0470327968150974,0.0257546400086319,0.0584270319826284,0.0474479404700637,0.0424426918052868,0.0203781890458547,0.0691095574504874,0.0495242001867117,0.0484286996986145,0.0617237164354185,0.0567599372094498,0.0427899137212466,0.0409306867276331,0.0194134623702877,0.0404290553551194,0.0337542347356084,0.0318483115488202,0.0505827182909873,0.0294379295879731,0.0463778069569752,0.0276606183285244,0.0418979618729052,0.034375012996433,0.0391763058235101,0.101218721949366,0.0795685350660261,0.0578629591283794,0.0286049964696427,0.0355399191827755,0.0377844705503472,0.0338725542640731,0.0496608043958554,0.0430932345906816,0.0441848043089058,0.048289842761911,0.0579892780531163,0.0357066450462406,0.0402558870550545,0.0595296299999796,0.0532744050883608,0.0246900026667562,0.0691885971552218,0.0419011594741395,0.0243194418118241,0.0712359939312349,0.0444503181125884,0.0556368691406264,0.0305038554683855,0.0325059771608933,0.0261212938537744,0.0533831854457903,0.0575973550459741,0.0576509923037827,0.0392034617964826,0.0261567246967969,0.0452047060169273,0.0496025287347743,0.047009585988536,0.0253224290085052,0.0383599394892709,0.0399337938840093,0.071557841050702,0.0496545628771377,0.0426897596285815,0.0355195936580061,0.0455150931734101,0.0495121173371063,0.0371313934143746,0.0417895979112293,0.0783930179695006,0.0315525450728304,0.038736130931792,0.0555528398345686,0.0279947019391417,0.0369502850607363,0.0245600004349688,0.0301436137250933,0.0386888560625746,0.0306092913476181,0.0393006565726005,0.0473431295415393,0.0364225464401956,0.0364768193326672,0.0437841989264792,0.0342686692902402,0.0258907664946459,0.03291658518902,0.0392339081967406,0.0375358080547298,0.042487620161438,0.046532925588181,0.0428312594268343,0.0474771977101945,0.0406977894416512,0.0464331970105477,0.0472975207825769,0.0468824735884027,0.035063927065406,0.0589508358226218,0.0518417495499775,0.0236358644954162,0.03660404653979,0.0340151891954724,0.0352341168032408,0.0438221310713833,0.0480622937253411,0.0329378562424658,0.0406738551122093,0.0352203782955119,0.0443463708970724,0.0502111963288816,0.0416093230274989,0.0439814444309898,0.0415352528395364,0.0649217575160187,0.0586384768183805,0.0491033781081716,0.0399914396434642,0.0521420882372538,0.0371729301353251,0.0755666922945673,0.0402111475269462,0.0364555465647832,0.0328158078459924,0.0406685076781262,0.046577867182786,0.0311163336250214,0.0298481549188648,0.0566200609684745,0.0360082455769413,0.0396858884312595,0.025586276551113,0.0384910635276281,0.0373609323858765,0.058197803522259,0.0280569314209686,0.0340444539618473,0.0340940090536481,0.0569548842981376,0.0474450247653943,0.0247269163445763,0.0291368654139699,0.0440873888630524,0.0450657652607357,0.0287469400566315,0.030174162765409,0.055970978617076,0.0419823865187583,0.0162014107114399,0.0551513628178218,0.0461896994966014,0.01500431894748,0.0218541160035623,0.0383118401335107,0.0430697826561798,0.050972992659784,0.0451134610660088,0.0338875678817435,0.0633750738654019,0.0290117430047851,0.0301502950000859,0.0518804051826366,0.067908384582011,0.0438709880172436,0.0281678406859314,0.0357746646024183,0.0361528092895943,0.0399528719883192,0.0149060340023599,0.032837440258994,0.0418191262886196,0.0464746268579592,0.063172834386874,0.0414721824516181,0.0275062379170019,0.0170948573652726,0.0237267139534566,0.0375882621067303,0.0431526416156998,0.0295279496042607,0.0206376050350974,0.047048668885652,0.052030861800809,0.0428288651122464,0.0462815057478508,0.0432102764819997,0.0401569368861931,0.0615381251912759,0.0598370986685098,0.0442942889161054,0.0251310631431929,0.0176092566421842,0.0523062544403408,0.0398619100007669,0.059164645920998,0.0553834024892647,0.0214990139301956,0.0421346921189281,0.0316551574031403,0.0434579408807021,0.0233226954036518,0.0502367477283625,0.0609365857208158,0.0472875212096803,0.0255003933854986,0.0371571640632625,0.0468235829697957,0.0471404906720482,0.0276186215902034,0.0397389420882833,0.0456054566985087,0.050011007982534,0.0258115082460889,0.0420018337720868,0.0379549468340661,0.0518061631446684,0.0387809228521091,0.0260585275876579,0.0628279741858164,0.0583679883864942,0.0657499299563464,0.0467004605597024,0.0398987753289158,0.0530571476880483,0.0488029977010846,0.0527635560566769,0.0663803887581775,0.052782950647951,0.0342103386677488,0.0498298111110307,0.0453280239595147,0.0364744123235808,0.0395813695569127,0.0426789929743397,0.038820793674237,0.0547145037990267,0.036479796876001,0.0647832606770657,0.0212617886347788,0.0338452630974552,0.0421484880918055,0.059392470354767,0.0251785905455087,0.0311580095266448,0.025693680971135,0.0295131688233853,0.0191625386499523,0.0363993875433859,0.0423238994722062,0.0434346694229687,0.0380827844722753,0.0670769591957731,0.0186221651889212,0.0573045187163786,0.0337915302121362,0.0365816974346182,0.0203812662067907,0.0810744673357552,0.0263620466551712,0.050340204278983,0.0540808376459317,0.0453749558604381,0.0671302027148942,0.0322164685222226,0.034848798807784,0.0591614915667746,0.0494437502538013,0.0466591409899181,0.035619560895065,0.0357713481508473,0.0328136213700239,0.0566426847516925,0.020910275902766,0.0329929643597706,0.0533080306528445,0.0488653185992882,0.036257710587431,0.0216539692607688,0.0466651025735281,0.0203965452348771,0.0269662830744968,0.0255719609946838,0.0256633140603141,0.0316511801300681,0.0616135630529534,0.0504249866396228,0.0488536824552412,0.0420681480197768,0.0504602843726274,0.0561902748423086,0.0497289851316846,0.0309854720938682,0.0296765629973842,0.048658963738991,0.0483841078917616,0.0389326826340596,0.0348294538622233,0.049160629162757,0.0574461231064231,0.0586121689564584,0.0401461074194384,0.0495129828599051,0.0416843991583764,0.0434951686184909,0.0293181637407935,0.0363241028097967,0.0358756397844519,0.0550159671794362,0.0322363862673404,0.0413668466770563,0.0408111127712752,0.0540980477934696,0.0276935804035812,0.0319691536317571,0.03880493077786,0.0412894002072906,0.0352501765211413,0.0306362839222585,0.0170030572469991,0.0221495620169275,0.039699415673566,0.0561632370990634,0.0287738555388187,0.0607470686437177,0.0667079007389071,0.0451783629879129,0.0241263380476363,0.0377599233337706,0.0442809934991392,0.0306056954888593,0.0264690906976002,0.0294996849525703,0.0304495793482714,0.0297090356815474,0.040989337258707,0.0559443345105315,0.0420651886216341,0.0397637263755728,0.0256685684626021,0.0518251585302916,0.0771685301872648,0.0323841317602264,0.0605055572995747,0.045095890346724,0.0349480155616133,0.0483605361702816,0.0827703150363876,0.0381125656106882,0.0435740476651151,0.0371074441193037,0.0286006999866727,0.0670956619246744,0.0287034219248778,0.0372667234245999,0.0529893225178831,0.0252759988587034,0.0341172873684363,0.0484946145036321,0.0174480542966817,0.0351072767121468,0.0444751946844667,0.0491930045278712,0.0314711522988881,0.0306425442492873,0.0502969728410754,0.0245874520015003,0.0733945604007008,0.0648243446557366,0.0294332681893756,0.0164105456072605,0.0318932929970281,0.0511422082551766,0.0552917460744002,0.0464575778953193,0.0339857975217632,0.0587025584664094,0.0215573565290526,0.0083494923325957,0.0482617831673132,0.0457577083718741,0.0599694730822481,0.0483405073069097,0.0354954110509522,0.0388600374578776,0.0267313569912323,0.0411651063501662,0.0536548015819921,0.0595624734176511,0.0589508131644592,0.0290431139458128,0.0114110517120476,0.0494617052796261,0.0323487216329142,0.0751127123676501,0.0296328261766744,0.0407119544047393,0.0157304203371511,0.0216886164166737,0.0384417886101173,0.0279182606698591,0.0272007020881448,0.011135242191336,0.0363392460078528,0.0496395213066871,0.0454125164942304,0.0354432572142588,0.0233805721486717,0.0697621558291877,0.0472283783111279,0.0410513672282322,0.0337793805211352,0.0675323556991602,0.0294096776553332,0.0227900272905815,0.0310198141038604,0.0473682682932143,0.025771775884488,0.0467624369605378,0.0491923617850936,0.0181436934366452,0.0280596575349836,0.0323783001950903,0.0369052052459035,0.0582805253066553,0.0272721285904737,0.0264301124860108,0.0447198366732352,0.0308353002920453,0.0448982938295453,0.0329206059091367,0.0317680928522358,0.0362523195848827,0.0708007004675685,0.0376929188747989,0.027696113720481,0.0357228302865641,0.0363107576299734,0.0641255538387309,0.0438552011334616,0.0449778189460892,0.0393812613706058,0.0318856968318469,0.0275414303755628,0.0352707650896897,0.0242440021507223,0.0415318190344313,0.0350562994858849,0.0280203277763015,0.0273800381651326,0.0291626027442442,0.0439640049290029,0.0357514269526852,0.041578526322927,0.0442764054297918,0.0380988718398167,0.045279520539039,0.0389400111182876,0.059243638186152,0.03295507877614,0.0320978997103,0.027257066490738,0.0566611795428726,0.0346468517158114,0.044999649780816,0.0649899617359023,0.0226720262572049,0.0293684794485123,0.0438194478275453,0.0385044928563927,0.0253817927564398,0.0358160957536851,0.0400105689081312,0.0904072162252899,0.0491317158384962,0.026080437602834,0.0394133426318216,0.0266932279102778,0.0380530768244844,0.0224419040549483,0.0250891779835338,0.0389416138867124,0.0630388272048398,0.0473073228008516,0.0367281661824706,0.0457220391966415,0.0338608090974903,0.0181366275541734,0.0598680760987556,0.0470350068167807,0.0416066346775204,0.0332371607115397,0.0338319762497024,0.0352223429018302,0.0603701167024824,0.060227771423368,0.0366274445575429,0.0390022606873928,0.0236504982257169,0.036244026385895,0.0495222555592753,0.0792749204665752,0.0597222183399981,0.0385220223681526,0.0680095342220418,0.0249528562024535,0.0406850673338925,0.026715401976527,0.0473344333557404,0.0598234892653906,0.035849064304415,0.0248086336008067,0.0342135421806561,0.0449195089467648,0.0524066060925649,0.0588503050605638,0.0488397474466494,0.0187884232984697,0.0408450472228173,0.0450480650784477,0.0408345147482709,0.0465426813511502,0.0372556633713206,0.0445666061677779,0.0335817894838675,0.050054308434064,0.0181789690802707,0.0342187443467736,0.023582016994332,0.0374334463941313,0.00815464748761306,0.0278699776482018,0.0364943110142847,0.044160644720438,0.0246872403049805,0.0418685360280086,0.0291415153415715,0.0449835278915503,0.0422261259669353,0.0475180214072392,0.0162389409420209,0.0227940839185717,0.0140471668402869,0.0336396248273995,0.0285017245443353,0.0264858871996468,0.0282355140018084,0.0294424023366849,0.0255918902892803,0.0437597446556425,0.0347400330601721,0.0392939525125066,0.0370125582826524,0.0502659689402631,0.0504186739677233,0.0635386082662124,0.0476763375656504,0.0275078512017359,0.0254495142347054,0.0285323867582,0.0292093555494102,0.0491511691824204,0.0618716013510195,0.0680550868121766,0.0413100314392477,0.0536423837019059,0.0123131596632001,0.0882652797293438,0.0261066051319825,0.0461579314972217,0.0519278896796123,0.0386391179327936,0.0403028689077624,0.0495909185696624,0.0160098043550485,0.0452688194711702,0.0325804434471158,0.0479970708814257,0.0551835254135652,0.032157209347385,0.0552182496639209,0.0708852229253102,0.0101350514514268,0.048551218792904,0.028661528424271,0.0198104960967963,0.0435693922944818,0.0469548770437648,0.0633125107593344,0.0466145490631852,0.0342195244445221,0.0504453312776281,0.0433402532796311,0.0531790283005646,0.0319109185376575,0.0387198431790734,0.0292088460271081,0.0518105767233246,0.0400298592133153,0.0502193768000899,0.036995670439424,0.0265889466194966,0.0538914316887514,0.02411353340223,0.0240274642512277,0.0441739482024032,0.0360572008636472,0.035917067183623,0.0404469756565684,0.0273687122629327,0.0406769971823614,0.0334153913176678,0.032366088504387,0.0354021667131243,0.0478323978931957,0.0380399582484247,0.041580550060341,0.0584761547929064,0.0500785487705876,0.0440040879347822,0.0377265860081703,0.0170403786577281,0.0594732706431056,0.0657641641274433,0.0356851121497409,0.0345453812782369,0.0580392525979924,0.0424958347337109,0.0176414514347621,0.0262923163496132,0.0118036559580552,0.0209787415276711,0.039209402543104,0.0394632342384368,0.0242714238026307,0.0379616908807385,0.031230256790265,0.0292072740495331,0.0345861373557875,0.043710439847498,0.0421136798977733,0.0381884917511864,0.036935099131689,0.0417122366304206,0.0306922388407058,0.0517081787590306,0.0517824034610866,0.0289900520308258,0.0260931380125925,0.0638811479938718,0.0376224121515145,0.0450079714301853,0.0548047646709014,0.0419961642184756,0.0477498484717585,0.0468671285580672,0.0307287051448568,0.0140896600283504,0.071575771898175,0.0454334556568019,0.0479128210802274,0.0201084380888001,0.0446109685047762,0.0579175168666015,0.0468220367027425,0.0357224471950602,0.0610239370478339,0.047105569572482,0.0288174743773232,0.0527711498862104,0.035133153010184,0.0466746957204141,0.0505375218032709,0.0467013857987044,0.0571270151436034,0.0147452247016883,0.0605277831636672,0.0548264786959526,0.0420490052328136,0.0300143936019433,0.0561671670804152,0.0464298233421628,0.0454022799626777,0.0397596281227202,0.0431316610308136,0.0423200254222083,0.0327921385994981,0.0421864602111167,0.0266137575911597,0.0391327759005744,0.0277810416210034,0.0430649930974574,0.0301994797947333,0.0282550024511666,0.0312660767699611,0.040252139275312,0.0403387257067294,0.0499498647646221,0.0472123224004459,0.0228089213127417,0.0429698087593223,0.0390751905812087,0.0435427232609914,0.0464252398352485,0.0422467650919316,0.0334339481760553,0.0202880921607509,0.0478475691200883,0.0371750259740952,0.0146155126578822,0.0410055977836129,0.0273958697798127,0.0315105741653238,0.0427505308129852,0.038527166014452,0.0531502249426709,0.0646556182232652,0.0436230061628799,0.0461152822686325,0.045965499811678,0.0884951421611496,0.0451377791064274,0.0651912366505921,0.0450372077147464,0.0389690340188273,0.0272688347391905,0.0758470957617787,0.0386097230801039,0.0374675246072102,0.039247041019601,0.042690071659388,0.0398849985477594,0.0255967271382916,0.0492657729153555,0.03920591977154,0.0317330321166981,0.0332089112834254,0.0381822655212781,0.0298520448942648,0.045125536756422,0.0417226294638525,0.0271783803821563,0.0435910150432322,0.0370077258532835,0.0697558742692891,0.0147502808663595,0.0423605136669529,0.0241833528355462,0.0276400760637483,0.0445665509252588,0.0429693106769275,0.0413888950713103,0.0634385555170835,0.0506202933396293,0.0388151333344304,0.0151052450700528,0.0478942538111696,0.0423910191846532,0.0354191962314609,0.0245292462377317,0.0373015096613857,0.0452324702832057,0.0415709408360907,0.0485647861945293,0.0527777430802976,0.0361356399027649,0.0393113545088541,0.0272009509918373,0.0434005641258308,0.0552703859636557,0.0475867106229291,0.0295623748933946,0.0334761904357286,0.0585826598591346,0.0195832586163029,0.041658538024312,0.047012040301987,0.0332515912845694,0.033139412271582,0.0463240502616424,0.0455543365004469,0.0682324351292862,0.0578062111261356,0.043963678311713,0.0477803780549085,0.0608579756147597,0.0216778801869792,0.0309931338588238,0.0473158115618169,0.0529648061848628,0.0323187118991728,0.0462199408714304,0.0281263374582301,0.0207728160274644,0.0419341972169682,0.0387524194347459,0.0632325263981308,0.0323999571328124,0.0471302701483079,0.0445655776252005,0.0307003744555981,0.0191739194133125,0.0989578125199929,0.0308497283934268,0.0541726524039827,0.0505249976687302,0.0445199957716062,0.0232476392853144,0.0342951940356705,0.0609752825525107,0.0795599696346223,0.0349802140707384,0.0460710878946829,0.0395980243362963,0.0640171320186458,0.0601067359778526,0.0349229800661756,0.0494902985232479,0.0292990732303244,0.0198529488907314,0.0285043805133059,0.0320607767076658,0.0481434239897946,0.0500451505770045,0.0288385523766828,0.0391709944276446,0.0537063624334613,0.047146885615285,0.0414219628897167,0.0544080155325959,0.0301187878042728,0.027930515922314,0.0549792839647669,0.0492942907929841,0.0263452150208494,0.0417556197355946,0.0278247769488119,0.0456574577722836,0.0584112702001247,0.03747474265063,0.0440873975209928,0.0305382895665197,0.0403173038181897,0.0375370675027558,0.0349095188165624,0.0461821498996163,0.00881436998106714,0.0358098868361092,0.0424192952156086,0.0376769725613447,0.0395502266958688,0.047297845990922,0.0482149496360666,0.0404884172520374,0.0800706100730911,0.038119589654809,0.0268820053700702,0.064177201520989,0.039640894185226,0.0598264020827504,0.0574970752271523,0.0452635437214052,0.0498473317902435,0.025794525920282,0.0406749383228605,0.0335109933242015,0.035741850709015,0.0324244106117567,0.0590734083513297,0.0551964994187514,0.0741062092655881,0.045008924238028,0.0561066006545423,0.0355057864860443,0.0519564966859542,0.0523913137338355,0.0294462232831245,0.0446650693284202,0.0361767630830475,0.0362179101651254,0.0370279468741317,0.0428324821114581,0.0538619456797526,0.0409590600206231,0.0350690602924722,0.0150039189181404,0.0415986211820891,0.0384743466860489,0.0482341649673698,0.0479844289692546,0.0334303305047488,0.0431721522309035,0.0315620810290699,0.0254646254934066,0.0676358113514332,0.0377667609177306,0.0225493119634295,0.0440279928458863,0.0651225262889549,0.0242967194513288,0.0139144121365321,0.0467899871975053,0.0506608322398904,0.0399815812213842,0.0433125305967274,0.0340767716970062,0.0661788052197624,0.0290261803136265,0.0395336427993526,0.0495793820786195,0.0792430998677131,0.0459130338722005,0.0291301064047624,0.0369644137092476,0.0274593496560563,0.0201974245645845,0.031653679495106,0.0343898680924909,0.0286701103701069,0.0394906874988453,0.0321855984141937,0.0329847372120956,0.0284070681893728,0.0386575460647334,0.0375793703207421,0.0253665844925809,0.0280915639606438,0.0352533041156054,0.0459736550599903,0.0251436265094002,0.0779906954598299,0.0547868879697524,0.0708443951296729,0.0283246258222994,0.0443215783149789,0.0198184141338466,0.0437370266748772,0.061384395144679,0.0480108651549381,0.0336723744145834,0.0376452214059565,0.0352958633208277,0.0476949573342817,0.0334810191737733,0.0213062546085602,0.0302365027266542,0.0351123172735401,0.0540199824674845,0.037670512997228,0.0299365740791964,0.0338750711136576,0.0618490793268362,0.0517722633263001,0.0319056058995335,0.0319445713374727,0.0533070282314098,0.0269049477103865,0.0478456143691593,0.0253133772879006,0.032273342477285,0.028619448879716,0.0589212009141205,0.0210330191662832,0.0436165451200003,0.0445114801124494,0.0350860958181209,0.0717397549596797,0.0211276251125695,0.0161303565378198,0.0361511591525258,0.064674417410143,0.0376491471961203,0.0491537899912944,0.0308938002918817,0.0469726329767148,0.0532065553956276,0.040460050915091,0.0338923733018407,0.0274301000989863,0.0355452935742882,0.027393014377978,0.0273213356132663,0.0440423414248561,0.04519267856733,0.026611104528731,0.0229061411880867,0.0596003892607059,0.0334298254216763,0.0212379035566305,0.0300521407020527,0.0319719766966154,0.0379915007861873,0.0412921874313287,0.0548813548756416,0.0343893782988765,0.0387592949271052,0.063338487604856,0.0289789187623709,0.0187130489399222,0.0339102338009049,0.0669026201835741,0.0282083146540943,0.0295987400650236,0.0312447598973622,0.0316466920698941,0.0394650940963885,0.0368655251134367,0.0571897249285334,0.0480723476316272,0.0320179184208734,0.0540477094873534,0.0432543468223419,0.0434441905744584,0.0270740903308322,0.0410760298813243,0.0397179380133812,0.0712123614181555,0.0417577703767539,0.0501760999074269,0.0313183162534818,0.0299431119661111,0.0594255669364119,0.0547944517129519,0.0368602030717719,0.0430670146699271,0.0470887886993562,0.0278702616674364,0.0500570194226673,0.0518241972264588,0.0387251946833579,0.0422310378005779,0.0480757455738565,0.0259942529116011,0.039955804470908,0.0524846478671549,0.0382745992533132,0.0460565377785777,0.0423818159666679,0.0367195868373047,0.0459668678282625,0.0265758482317167,0.0707134150874458,0.0320823611957765,0.0459623266955738,0.0300572581322961,0.0213040004542784,0.0571125385419992,0.036519676563858,0.0494806450013569,0.0450075532438391,0.0620722104021532,0.0333208423885912,0.0706070713685303,0.0462160275029475,0.0230122522394532,0.0581242488455853,0.0136854142951047,0.0269605361826706,0.0311711235402539,0.0515161872223293,0.0179998819703423,0.050621070703859,0.0534988505065666,0.0298250815861105,0.0641767920510743,0.038417312598978,0.0503386560826195,0.0540513123317554,0.0590535178780687,0.0594624270721726,0.0215025253574091,0.0374107158743189,0.050473463122794,0.0302822386575935,0.04219405630855,0.0501544079247749,0.0333504688842039,0.0314355968273432,0.0476919205996348,0.0491012872967944,0.0363546503333462,0.0459254936304157,0.0257356606923538,0.080687284688616,0.0291748302963856,0.0366997815615174,0.0365932142638404,0.033996466317391,0.0293682082727684,0.038969066700216,0.0706938712657029,0.0295181667097103,0.046828536664956,0.0522320433755863,0.0590466630396118,0.0459257665893446,0.0284788839179125,0.0286184219913871,0.0306102575915269,0.0506896479184198,0.0387963269694492,0.0585685496637035,0.0315265277691994,0.0249109754434086,0.0462850105118956,0.039582524689102,0.0266458345476548,0.0373628365695235,0.0434275514696015,0.0258853920689086,0.0366602086964154,0.0618226244845736,0.0678163758576887,0.0493647794280066,0.043055038761699,0.0564202436853915,0.0347042221498473,0.0320093566221054,0.0165203775152556,0.027334204528153,0.0236859125932486,0.0387416377398463,0.0433200373466172,0.0414611734275966,0.0297058880338696,0.0129619438476573,0.0225572082467753,0.049882098041492,0.0407679074527444,0.0395568730264538,0.0535347924929753,0.0278460256934293,0.0426527706330447,0.0405837331160384,0.0238979305120143,0.0408492221620408,0.0408329407150269,0.0382174199142817,0.0261047547367582,0.0499953018425219,0.0189908869135038,0.0491985183115591,0.0477103442065089,0.0262762143009628,0.0448709543012598,0.0282164571866121,0.0394744444202378,0.0488213742364751,0.0210624531536944,0.0297978584886376,0.0564857397042358,0.0320538969782275,0.0587840766436218,0.0240988370737529,0.0415895561406711,0.058614388701586,0.0299487068442317,0.0600838960320808,0.0357819135178129,0.0376549038595536,0.0393414657682509,0.0370801524846073,0.0348468184311706,0.0440064594924513,0.0503144365021714,0.0305033299218737,0.0235175192887308,0.0387408958130991,0.0276077747330003,0.0493038195703796,0.0419658728481927,0.0270058130232042,0.0430320523260519,0.0256431024007434,0.0235052847897879,0.0453871972421817,0.0274227408187375,0.0538657908555348,0.023257888732524,0.0378038638822536,0.0274086405208448,0.0502239874409831,0.0482569163615696,0.0614468874257245,0.0527799163210053,0.0557791480199202,0.0383681997445072,0.0381905009143824,0.0621596022114093,0.0395925241074208,0.0393377464027023,0.018248779689326,0.0288276377578923,0.0334322457867656,0.0426783812279635,0.0401474650241851,0.0371369559999938,0.0474263436363033,0.0318125248986501,0.0469619953127238,0.0566072223926328,0.0348552932235951,0.0549558219152732,0.0180284748766536,0.0332615404834742,0.0348331238209077,0.0364938794789106,0.0381496180867021,0.0291993539982119,0.0457577994350564,0.039963442624963,0.0323119201036055,0.0485022259736218,0.0403458508748079,0.0281332192717184,0.0348356758496991,0.0489578036236211,0.027881829912637,0.0362000053212463,0.0298770454685553,0.0401253359557405,0.068540279583976,0.0487066712152953,0.0590235370575915,0.0484552633009624,0.0224405120889148,0.0308618279155732,0.0257994124654695,0.0359232642959503,0.0395461893675849,0.0388522642203255,0.0337318964756703,0.0323766969177663,0.0386222272407907,0.0318128632109068,0.0294323002206877,0.0538413903274001,0.0247906749233838,0.0447376397896762,0.0298075659965546,0.0424919189066022,0.0490980670542282,0.0234611797304233,0.0506686456885414,0.0280390762115682,0.0466976053752639,0.0327960856537937,0.0445676945981949,0.0618631595188997,0.0122254538801266,0.0433754165425096,0.047009238051165,0.0178225841029347,0.0504214382682386,0.0537997503449653,0.0332299986206705,0.0583207827153718,0.0534481404278669,0.0215237654059016,0.0490703361565607,0.0444471398793285,0.0317931937179257,0.0544623341015783,0.0652447508591972,0.0345474606932015,0.0588388370161197,0.0246789762405109,0.0261239159593589,0.0234741735220973,0.0463493518690012,0.0404046957649659,0.0469412840519169,0.0135090375939555,0.0142623536090756,0.0343848386007938,0.0252498011563225,0.0168487697771104,0.0344734278670802,0.0249513175908998,0.0296844703164671,0.0433247297073329,0.0357004411855369,0.0250951525096497,0.0156614768739839,0.0430875590790545,0.0350472023336934,0.037463406052264,0.0796445013470927,0.0399712922252291,0.0442555832391762,0.0618458103159538,0.030297653060729,0.0305142532560846,0.03931337503763,0.0524181949264125,0.0328898210716358,0.0232752225282004,0.0809981020823021,0.062736338854341,0.0304431703400674,0.0206162936896444,0.0290353342936439,0.0547842591205921,0.046028796867009,0.063126280834364,0.0310790358144831,0.057915756805574,0.0187639707368828,0.0238120120276902,0.0413273542355693,0.0494741597071429,0.0387069843271114,0.0279625205290298,0.0420250344448861,0.0468657930853452,0.0195071900767498,0.0459288561414805,0.0378109589558244,0.0492490954492652,0.0375062693107479,0.0355271963147375,0.0297262756302976,0.0319236627704795,0.0384070595054066,0.0291978493538352,0.0236916469325965,0.0321796683303931,0.035993718712521,0.0393220260647724,0.0470766981577694,0.0423406229876253,0.0360152666409424,0.0654507202784346,0.0281886850737311,0.0391773847811322,0.0468268469597082,0.0573893505579499,0.0371207891190471,0.0300819848739859,0.039255321824609,0.0413406904663483,0.0468689558306225,0.0379644517838162,0.0319292356335188,0.0344339430650493,0.0441879865664078,0.0517308259475158,0.0672905144123842,0.0293812917352941,0.0241617233975298,0.0207750374012809,0.0392274876090348,0.0411833106499143,0.0356095449051216,0.0396852700079011,0.0428259632517802,0.0288031206567518,0.0211947602215075,0.0239631262718155,0.026299179487366,0.0210651525788857,0.0252864770668998,0.0394013670431184,0.0315107847095892,0.0585480076210979,0.0217040872744138,0.0277360994692848,0.0495515332876307,0.0377547252347682,0.0393344437029139,0.0417446164441945,0.022282148742695,0.0628328685761586,0.0488440515652253,0.0133540622012855,0.0421119780703223,0.070463639326348,0.0321258625161845,0.0395203532339804,0.0721717428604823,0.0325067558031274,0.0301737300262047,0.0560683601713375,0.0364929897559974,0.0569551632574258,0.0440064217151034,0.0339489306922119,0.0377195110357592,0.0192427013313846,0.0458694673581163,0.027666169636735,0.0557275486428683,0.0326330042944505,0.0442800416498755,0.0342724178904582,0.0150539826473292,0.0534275673532188,0.0189453516261858,0.0397925512855225,0.0388297230822811,0.0445616731244938,0.0215725577363754,0.0328591624254287,0.0338226390057515,0.0501946450597795,0.0595814527860753,0.0456198428327448,0.0223224083895288,0.0567645639344596,0.0433227055044135,0.0380724140453154,0.0389236429156725,0.028331167112378,0.0306488413411385,0.0266301021271485,0.0494334626888882,0.0317915108147094,0.0170355776297939,0.0430670539842995,0.0713877831729886,0.042288476903683,0.040252714813455,0.0571975726710861,0.0397338372989312,0.0360046195084857,0.0427099531252732,0.030257846213446,0.0214619681039596,0.0302358116930974,0.0121166702614033,0.0358526349578807,0.0248550612719933,0.0373683690342241,0.0583166871677442,0.0356901695108472,0.0297549727923593,0.0376246433791728,0.0351972889833643,0.0294636407113518,0.0420447739997161,0.0320956580419142,0.0341809355149644,0.0531149931448968,0.027787381507429,0.0367550617026046,0.0542197917513338,0.0642628895803552,0.0431757518398584,0.0466149656605853,0.0191261831971966,0.0476108265953103,0.0229217973972553,0.0367517563845692,0.0407460517624897,0.0313109140337866,0.0337567742808969,0.0457592953556256,0.0304191532087277,0.0395288206639425,0.0431786203342498,0.0338649932165902,0.0439595510815762,0.0337121772307899,0.0255027447003306,0.0562811064554413,0.0311936230377559,0.0554749527708565,0.0520659724879411,0.0525749345012504,0.0502908414275823,0.0518895068018051,0.0791473483639663,0.0362949551650794,0.0615870881689598,0.0468102163774304,0.0375745418574478,0.0421356451345827,0.0323293906937215,0.0444733812449728,0.0351166901745272,0.033678589840064,0.0317958200519604,0.0437583565733882,0.0385538286214586,0.0504328334671549,0.0368114251270222,0.0241355687444526,0.0518278733019042,0.0451247470104556,0.0290253970846546,0.0510266876928946,0.0371220058131744,0.0422490995395762,0.0619361238788352,0.0139941763395292,0.0422240130447167,0.0521789144991819,0.0259730388754082,0.0289151711891965,0.0571482455162204,0.0323117138435818,0.0119193070969518,0.0500836578048935,0.0451456934771896,0.0388646558885236,0.0524906259601525,0.0481918040044393,0.0386941823299431,0.0315806268474089,0.0192475468621989,0.0576171099755262,0.0330290509330328,0.0340205978021685,0.0448483415101775,0.0292148374766501,0.0359819870306591,0.0323047283589258,0.0409618182821833,0.0447495378142147,0.0438190315512858,0.0540652081820898,0.0236774896274994,0.0288660178939853,0.0400750472560606,0.0231080984714968,0.0355003776984907,0.0325388893204717,0.0257382303720067,0.0363229891519679,0.0431175693111488,0.046205549921145,0.0544907677314469,0.0267239749621007,0.0212009579417079,0.0408935485373731,0.0389258163765933,0.0406959182120245,0.0264981724791695,0.0417129305155533,0.0339359306523347,0.0450029041147273,0.0443271839920069,0.0507975424745767,0.0275419256320053,0.0571362996693329,0.0539764109343329,0.051750717323715,0.0391579190147977,0.0347767780673157,0.0333912728179089,0.030609913179614,0.0431093619293224,0.0355941244850983,0.0486227864809275,0.0365435026649389,0.0471189798983236,0.0370816725182415,0.0271577796139136,0.041969485799341,0.0316635681835535,0.0364751513207177,0.0551453024998032,0.0480714130043965,0.0343794238212227,0.0273280049020765,0.0263359490020068,0.015371531118248,0.0506245374646933,0.03397319639619,0.0143231848546542,0.0476512210501964,0.0173641977161756,0.0298838051451117,0.0445766899182257,0.0317464666571324,0.0239501741038662,0.0149506458729004,0.0270519789518817,0.0626473805034264,0.0416840244282429,0.030913940643265,0.0253922687163679,0.0192870307658106,0.0348848493176712,0.0524488168426111,0.0408121979139101,0.0259207205085533,0.045305563207858,0.0390552900129125,0.0699328550669123,0.0464989747653669,0.0677440117548546,0.0183494351058626,0.0315981768144756,0.0371753723569698,0.0594116276198239,0.0350253662638715,0.0525129244393183,0.0356890740530726,0.0439135222614391,0.052192799109623,0.0513796427903387,0.0451870196211014,0.0520266554121217,0.0327091563546472,0.0285551848938041,0.0345708240332985,0.0564901727915961,0.0286904630485089,0.0415147200946643,0.0487249966786896,0.0650375317829233,0.0418900344775643,0.0340277371232985,0.0408983876067707,0.0280822332084815,0.0218538794419515,0.0252686863531745,0.040950367862524,0.0545693138641676,0.0520857487926101,0.0628720757991178,0.0546974036392434,0.038661236971483,0.0326778362038011,0.0249139048767241,0.0316127767812081,0.0403654377949892,0.036227594968828,0.0582224236477564,0.0601434566995055,0.0298891286731054,0.0352882274698159,0.0368836401553801,0.0345557005642595,0.0464589416286992,0.0631010131928829,0.0527332335182656,0.0626702381190661,0.0376573770183532,0.029118552556521,0.0434542649575635,0.0471380934268339,0.050717617616639,0.0524589313290305,0.0758522659015307,0.0382479569681952,0.0483123781750896,0.0397649741899131,0.0560695309461827,0.0493692878185988,0.0246720701807608,0.0600429435975482,0.0133484922744803,0.063082692618063,0.0569135097150772,0.0480223607284977,0.0459814632822481,0.0138666752694604,0.0485620717940617,0.0489022133477515,0.0344115976677055,0.0262731006674571,0.0585329639659213,0.036465362943192,0.0287759479131419,0.0452890481514636,0.070161576495557,0.0400292504055188,0.0388525823515088,0.0284900326076417,0.0283975003132343,0.0601179750817274,0.0339642798275563,0.0294331960052287,0.0317871520103027,0.024496130623919,0.0252582137223504,0.0555908761101002,0.0360231565240881,0.054499857995695,0.0436125682591555,0.0559317843099552,0.0440745757887858,0.0524435879869401,0.0322543410489095,0.0322215418342177,0.0379975281198761,0.0458094673997546,0.052792768940989,0.0518405488447483,0.0544413302187149,0.0286260320941113,0.0192270865051045,0.0286226762954388,0.0374275492105207,0.0297013998404639,0.0206777549811073,0.0411508957550418,0.0340716192735548,0.0683809353091452,0.0482973811926988,0.0275160488496293,0.0377099744051985,0.0351998632817629,0.0176722501439608,0.0261362500540796,0.0225259575017025,0.0385147534911274,0.0562280555032405,0.0407293849781702,0.0488297976866244,0.0604701452761281,0.0388619982530203,0.0186099069256235,0.023330816314775,0.0508333676696751,0.0421406644014837,0.0221697820790012,0.0303512080792323,0.0423860667007962,0.0382794445403256,0.0544603096922118,0.0402960166867933,0.0373800139912962,0.0433136958988262,0.0299877640619923,0.0226977456156262,0.0373809986824341,0.0349296897165949,0.0310841023485059,0.0253381741432176,0.0431247408472327,0.0411278890737627,0.0331393312699198,0.0340968169453548,0.0554110109804828,0.0253725569165257,0.0215870817118587,0.0374315579800513,0.0439486535823074,0.0544657300053227,0.046323538362825,0.0465954960521966,0.109081895061013,0.0394518871477891,0.0260601365805179,0.0513662790696228,0.0499123443525243,0.02296347194446,0.036037259002394,0.0285724385314936,0.0416688552096036,0.0313867583631107,0.0418556639083788,0.0499571420370204,0.0246976930997495,0.0429149044855366,0.0368870665575306,0.0429618236505437,0.0514796536717489,0.0474314358468438,0.0419999505226522,0.0246862168041405,0.0376091682320738,0.0343657532405274,0.057475843320426,0.0271152913959474,0.0725658566876952,0.0257856960306011,0.0535677562857618,0.0254216194987885,0.03257862075789,0.0692533038873744,0.0283225404320484,0.0384823474754129,0.0454956595700279,0.0298655440338977,0.0413151736894358,0.0503557475251791,0.0154058094933029,0.0281332618106676,0.0389643008521124,0.0279266897321422,0.0280039351935589,0.0299549201793712,0.0329584730689901,0.0394244926385907,0.0463745827737595,0.0302582610384045,0.059676865018295,0.0471115031493899,0.034110739273539,0.0599349643866406,0.0413055454722346,0.0596819354072789,0.035935159692724,0.0528313995632848,0.0369721350630947,0.0362023544274152,0.0568225781381918,0.0523795028038084,0.071047885215841,0.0336450452403326,0.0419201147602971,0.0494205262183086,0.03278043112067,0.0349766284632621,0.0527793953583641,0.0464269485603089,0.0484335143094307,0.0256625141331481,0.0398759571632985,0.0374286057598991,0.0542872726650688,0.0465910793426883,0.0224304625874248,0.0553065669105927,0.0625364583413726,0.0152381825837593,0.0457766919815371,0.0192298244023353,0.0335632861606168,0.055587892477122,0.0247102367480849,0.0373052687667187,0.0398201868986913,0.0425066549358585,0.0473107252591843,0.0211650416958398,0.021822851593326,0.0183722610944056,0.0414512734064372,0.0344867548464223,0.031574745691025,0.0327207383701405,0.0410684597134552,0.0563326988729249,0.0907741298190237,0.0484541644433651,0.0710195283715965,0.0660676002690659,0.0340304740834756,0.035357378108759,0.0632848554669571,0.0214654409852833,0.0304878793940056,0.0454470741864827,0.0325644419668261,0.0630114084565779,0.0539535039619906,0.0395785531783363,0.0436575800049299,0.0663976248271571,0.0421057326242148,0.0518556498968411,0.0206541697833697,0.0546414095925773,0.0407409813370552,0.0380366331347324,0.0530372113939473,0.0709555112499884,0.0454864300528734,0.0399661857103296,0.0403486292852945,0.0632484045326072,0.0480423871039899,0.0305012075572048,0.0362948261137459,0.0323794401313099,0.0293660579384958,0.0559037295899418,0.0360392279472493,0.0432020738931808,0.0325928275067747,0.0413918760119885,0.0237340093622741,0.0353420190301266,0.0502948180735822,0.0416313665902742,0.0456775694733306,0.0326428546804944,0.0456528855012408,0.0299268364058037,0.0338054019045003,0.033494775501517,0.0499279564559174,0.0354767809664927,0.0651831970422326,0.0321631718514794,0.0487944875970855,0.0434218029995494,0.0496584821069723,0.0322643461039432,0.0264597343137942,0.0617472644684171,0.0561040756282032,0.0250716355607959,0.0307631929212984,0.0542727228636288,0.0291694911791132,0.0610896989580669,0.041449090394738,0.0287445710692844,0.0211434235121664,0.0297989558686314,0.0296611159087749,0.0527927778498099,0.0388163525616258,0.033337615175631,0.0327267681251865,0.0304747965444184,0.0474724063544803,0.0547004173924504,0.0408961835717494,0.0269375974801389,0.0336702747692282,0.0320932339907458,0.038126727754878,0.0392771011932799,0.0242966169186024,0.0308263194425523,0.0455476982802142,0.045433444985121,0.0259757229229268,0.0341699814077053,0.0353597111315861,0.032935163381802,0.0379172656663659,0.0630947553182581,0.0273418052146357,0.038561641758746,0.0527263154834625,0.0431499657805377,0.0569584156633702,0.042907248109989,0.0505529990006819,0.0537063173799838,0.0534811590511016,0.0463877949949824,0.0242347820308195,0.0304570396396225,0.0454260288309907,0.0343475816196455,0.0341234630621271,0.0368808487386732,0.0196528130380062,0.026013756987016,0.0557378535710696,0.0461371060291697,0.0347043182797623,0.0138183979427515,0.0290146526869873,0.058977771747483,0.0502772935447431,0.0484811673681997,0.0334285508586121,0.0438735902531652,0.0243247260142621,0.0350162128212196,0.0422242020852083,0.0294061148476614,0.0511181141212392,0.0233503660518789,0.0324872270565715,0.0366504378525536,0.0536844559312574,0.0556395411837175,0.0428989461829086,0.0419703885234995,0.0468105217870572,0.0399157086337439,0.0241503804413157,0.0373774797120845,0.0369271703287652,0.0365234079282145,0.0324105786501281,0.0304978711945123,0.0357868582131764,0.03658322628545,0.0352589907048921,0.0418493463164916,0.0316426879893955,0.031207368513374,0.0405523940755189,0.0276763363990547,0.0853880856531366,0.0273690809954337,0.0645259401314056,0.0417976494292159,0.0518398237950368,0.0176633385176375,0.0347532059398697,0.0630651035891143,0.0306688774801353,0.0521215402619285,0.0244953933115089,0.0365048417308916,0.0417899554158717,0.0339146483385674,0.0406018932497387,0.0361541132689066,0.0601658119942617,0.0351889231445115,0.0495148945253329,0.0352397433374355,0.0456932910345502,0.0290199470435275,0.0601127606574467,0.0510723612502807,0.0237931189687001,0.0275938998152245,0.0390606229695357,0.0370990765899821,0.0294011699861328,0.0450900706623879,0.047583839459879,0.0232890490502991,0.0366836746636386,0.0484061923675182,0.0466443055057291,0.0291356174287254,0.0360354837729284,0.0395052142945839,0.021146136219634,0.037327605457179,0.0343314098316155,0.050133852738288,0.0310406432334554,0.0725234337325249,0.0369085625031276,0.0386154307085319,0.0573410231476333,0.029224022300452,0.0404118795539961,0.0508588948897101,0.0399541616499529,0.0319565013373617,0.0293807998238302,0.0186863960027296,0.0853767458986752,0.0272075969039904,0.0247703453368062,0.0390417497080986,0.0844669140589718,0.0573391992325634,0.0516635737558405,0.0541075459437794,0.0261280485387733,0.0193788852193901,0.0696187739984614,0.0412009813427778,0.0460938432697856,0.037153143376928,0.039732462859666,0.0426165168477269,0.0483163683595286,0.0479153207652269,0.043234091277571,0.0496106726305018,0.0347914868928787,0.0223665713791239,0.0290191408377422,0.029836270613122,0.041593838247587,0.0299263944974367,0.0337042347550726,0.0369149904711228,0.0276183478124125,0.0359879776278838,0.043889527147145,0.0364766527252807,0.0382601392241808,0.0336669690420228,0.0199595035300372,0.0349765611871387,0.0342324169297781,0.0250814186165461,0.0463068294490161,0.0263690853162208,0.0474618706436604,0.0372946500756561,0.0364864470249196,0.0429384439509747,0.0282238712163995,0.0725020268319029,0.0427819995549176,0.0318538210337314,0.04894037122177,0.0417522791132534,0.0446902353272955,0.0427328978827431,0.0281882347036375,0.0378080053963105,0.0397333227030613,0.0417183345139861,0.0463445639455066,0.0528234803564975,0.0338078726990173,0.0255695073348163,0.0406956373643368,0.0379278763875127,0.0316861488163179,0.0260673570205383,0.0410890653047422,0.0377416846828367,0.0444221843387761,0.0408366438294335,0.048475344481025,0.0521419547428957,0.0451467504984037,0.0516142667185624,0.0624059536157849,0.0405359359594538,0.027379013261238,0.0636974703205268,0.0338252323744114,0.0645811813040543,0.0439286616371173,0.0583572004391784,0.0135349212628047,0.0414671672086084,0.0474919977513388,0.0340316082876033,0.0683955377605371,0.0614975717522152,0.0396704795896096,0.0505110316697647,0.0431243909154529,0.0615485985662134,0.0457837291378807,0.0419243991690117,0.0575504144417374,0.0349813108537332,0.0411007423308566,0.059483969811512,0.0700114780486534,0.0640371697147572,0.0200476137837525,0.022715570706792,0.0400705285564179,0.0445493360851678,0.0366496911441342,0.0409901794270746,0.0368809990535246,0.0274752895372646,0.0671159674162328,0.0477206660000944,0.0455697894330967,0.0474045020713779,0.0581022051271971,0.0349202281762003,0.0336307087884841,0.0504299624589149,0.0360912005859036,0.057679822085172,0.0543326664687382,0.0545002268840772,0.0365456427850757,0.0361598305921539,0.0258161929830065,0.0441310352060059,0.0415933551413393,0.0464978266231965,0.0603426906090016,0.0403143986115616,0.0384342319058296,0.0428793953812091,0.0511998587127261,0.0420693935871119,0.0453873442166293,0.068651977488334,0.0612400912074128,0.044399579550642,0.0418832019098139,0.0527723263121678,0.0487961008263923,0.0564724493726071,0.0262885781181532,0.0321946722927266,0.0356298092261831,0.0109040008826025,0.0293995631415144,0.025041849177734,0.029442109296452,0.0309975029643274,0.0761161448819069,0.0484091642706643,0.0338132940327694,0.0418047175932009,0.0508954016476233,0.0277696254766167,0.0287794970085031,0.0215548495553521,0.0379443451257015,0.0543186332962001,0.0446438251950198,0.0443667165213556,0.0422950552821688,0.0294309120825249,0.0455529017867787,0.032010304865794,0.0326908567585603,0.0351991352076699,0.0351639240713339,0.0466426214201738,0.0295725702563584,0.0372009709611258,0.038162542646824,0.0152804343730785,0.0260966428927089,0.0490175837915297,0.0247104534629247,0.0507491673532431,0.0540652139150875,0.0277048038621506,0.0749315682908079,0.0246558680869205,0.0455336387655608,0.0484298546313864,0.0267983669634603,0.0386466520436094,0.0290496681557873,0.0492717175964672,0.0465850379754025,0.0187129773832306,0.0272641934076388,0.0307531568943005,0.037288609151942,0.0468582199372958,0.0515837613328039,0.032154941968479,0.0238568867543706,0.0412802387792527,0.0391391077508171,0.00871213953352296,0.0400532402856061,0.0409679337127182,0.050279202029478,0.0505356798944655,0.0373627856577325,0.0404955840808822,0.0519395731574287,0.0684328865937745,0.0352831808346552,0.0274597755369934,0.0413005758734967,0.0320749444424655,0.0398322438697067,0.050813905572489,0.0352936570813041,0.0240743322185325,0.0484947157824834,0.0606764508683062,0.0450545176268884,0.0181712850995463,0.0603857492299433,0.0562080742101319,0.0344758765729898,0.0607500944076294,0.0400757887245006,0.0366714099812919,0.0235330917621344,0.0262190219844871,0.0312476672899664,0.024364438613263,0.0419525240588409,0.0338987306787084,0.0335937639377678,0.0354355204734436,0.0293398874350565,0.0646661622375505,0.0390551309106056,0.0391602789853409,0.0768249507014615,0.0448977235598505,0.0270056950987327,0.0412880442444282,0.0394625084928052,0.045489498938559,0.0453421793058031,0.0427482690358118,0.0498224217429073,0.0395243002798519,0.0307402644732289,0.0445477453881421,0.0496951590210497,0.0295337399276518,0.0262442583374057,0.0391631702584448,0.02794841827899,0.0262262316098272,0.0385322393169702,0.0331605090043061,0.0292067099669131,0.04746084108516,0.0495655725828136,0.0775523615600507,0.0363546115373334,0.0235994329909474,0.0408008084105719,0.0226074521535554,0.0601042747665811,0.0364726018078673,0.0365665718470336,0.0264717837872562,0.0473491786519772,0.0713741667077158,0.0321654059838571,0.0432517517042794,0.038733646963854,0.0528616308736555,0.0343348358667985,0.0171104963735524,0.0410584910875819,0.0517365860291904,0.0412592922320051,0.0262394256925449,0.0551184183738597,0.050369312285036,0.0511376372178058,0.0505188221708678,0.0572807906770616,0.0467199073400261,0.0389486595121627,0.0548235162985003,0.0204918783308277,0.043405186183881,0.0334384658827658,0.0343391464498078,0.0276880628356577,0.0263529192409839,0.0322463397650973,0.0262515066916588,0.0253366957828871,0.0221711848848054,0.0312671559360285,0.02619360435961,0.0332333667191552,0.0637325371222779,0.0648362170364151,0.0444322042574614,0.057171066465445,0.0326442384508666,0.0467874912796579,0.0209362942717756,0.0481771635913517,0.0395798823380439,0.0366241590744699,0.0332813143326426,0.0357315336089492,0.0306252690393382,0.0534335055000627,0.0369691617928233,0.0393602419220582,0.0378106803408494,0.06111767783732,0.0302683779393249,0.0323485793913928,0.0526177987731329,0.0446706755816552,0.0378529568059358,0.066495899562336,0.0241323395114218,0.0280942927173532,0.0165237044749771,0.0354979250274338,0.0385971856414241,0.0273750829462109,0.0295556908175172,0.0457889485837531,0.0497571560961603,0.0428417793483247,0.0320510371653323,0.0342221280482088,0.0465751122744193,0.0581096956255373,0.0136815580212861,0.0507333871732895,0.0486741681057838,0.0415096003305776,0.0256028466469438,0.0492776223054786,0.0354040980913707,0.0295888196594315,0.0420488420975985,0.0454804320932479,0.0732748581212323,0.0406271845467629,0.0575360936740073,0.0513846332953164,0.0469653736109013,0.0472581885444459,0.0239044322990365,0.0290087734668294,0.0483123409084695,0.0514147325800011,0.0465785515393258,0.0197716752523814,0.051976480302783,0.038457789668422,0.0497757495610632,0.0258086402363055,0.0385690459982432,0.0479118405209478,0.0569709368587094,0.0308647613747436,0.0335765824200638,0.0395166488820165,0.0294343382636027,0.026525085364383,0.0415710651184135,0.060815611849527,0.0688724859996405,0.0355346486909636,0.0478412852246918,0.0413101098234443,0.0895847840698495,0.0341723727349163,0.0421856142534403,0.0424629041160784,0.0464232880453435,0.0218388566276779,0.0231438769850002,0.0456444649520354,0.0224702425453045,0.0531964074509056,0.0254708254165115,0.0375439248597265,0.0699294631705068,0.0376338943043567,0.0389158049440523,0.0386690947140718,0.0424246029260247,0.0200393374663786,0.0356889954765779,0.0782839517788061,0.0400470342240806,0.0403199594378327,0.0567976238240588,0.0218422679354132,0.049898313601848,0.0381880549764258,0.0357153207655043,0.0525773368461831,0.0430770502709564,0.0612679847453219,0.0387561661508645,0.0432833674848225,0.0468602048402379,0.0220470758516478,0.0226137222396464,0.036028106587017,0.0481003584472787,0.0663965416157172,0.0494837823900775,0.0386044570861399,0.0518028511930679,0.0213384620344541,0.0465951597845473,0.0325973609643008,0.0239128102409711,0.0544451143875139,0.0156621507432734,0.0511843792839198,0.0286572536288276,0.0451585424544829,0.0327499568303431,0.0165502594260564,0.0298755438219293,0.0333779816353405,0.0398116497963886,0.0339554081940198,0.0620856358506294,0.0376806336351324,0.0338458619558504,0.0575975397999778,0.0436351765741876,0.0476656483858486,0.0160106067537408,0.0451390340409662,0.0290877918283732,0.0448301541598998,0.0448900288792202,0.0392042947678312,0.0406510453481847,0.0367232255140928,0.0234342590675957,0.0481767637790836,0.0358251230942075,0.0802645549114804,0.0438236375423933,0.0576872606284242,0.0247070681015296,0.0266789330414522,0.0280075165072545,0.0358864149502934,0.0387227402346332,0.051705349310658,0.0464845996458825,0.03262968391376,0.0187415292891498,0.0318343138217989,0.0190291728118327,0.0288776558837589,0.0618469292117183,0.0619786402581885,0.0416160537884334,0.0378370750023891,0.0698765874496265,0.0311276413579869,0.0397787630610027,0.0141467873294084,0.032281425278759,0.0435229801351023,0.0239885448029524,0.0411206790364823,0.0437970449358067,0.0633835149287933,0.0581836696065061,0.040415781331533,0.0389820982628208,0.043592334173702,0.0453765815050648,0.0252797225960014,0.0410249236413885,0.0530313656007351,0.0181613049075976,0.0552134174933107,0.057410399277271,0.0635004324069193,0.0271073965419585,0.0488777003896549,0.0235609134634677,0.020351280173281,0.0523045937772094,0.0405691328669655,0.0456048728936975,0.0314433357311045,0.0299771312458563,0.0350830943884464,0.0261262584257046,0.0335379362048117,0.0212372100155421,0.0398085580648858,0.0545148776052264,0.0265264504496835,0.0378216327318191,0.0530625757207127,0.0509356604614239,0.0528177550867996,0.0401162176392797,0.053200284000523,0.0460697248067966,0.0171358145935909,0.0282319970751759,0.0367344331898676,0.0215541161474463,0.0385449113655658,0.0433885051472757,0.0346005252587544,0.0406277016800869,0.059552185368517,0.044032129095557,0.0419436031696354,0.0700330275324528,0.0478735059221379,0.0391693207448055,0.0304245577503617,0.0551941118404949,0.0453403724634466,0.0346610118143554,0.0413084690721498,0.0304892393116956,0.0343352626374527,0.0354925149487824,0.0529279986124705,0.0298889375534927,0.0314080916089276,0.0623301124622528,0.0426370311346825,0.0308285008365548,0.0499912861583686,0.0321197104034363,0.0463198598404596,0.0478387502928224,0.0380935227516216,0.0434821693876749,0.0554828836836766,0.0468721126403262,0.0317747538415245,0.0215152705854869,0.0537738868348616,0.0716596394152272,0.0289825372546545,0.0751183470623824,0.0358213379507433,0.0376768990524563,0.0267259686886278,0.0334961140965031,0.0500010956816965,0.0413439389956062,0.0344163382176706,0.0431833172945489,0.0446094716661691,0.0735417175209929,0.0329839530836771,0.0730478908537789,0.0253027631758551,0.0319477788792053,0.0304371360650961,0.0398150526576568,0.0233932126044186,0.0278472688857071,0.0517824841125417,0.041445170747588,0.0455061788091074,0.041059329450751,0.0380083896554728,0.0439364692036364,0.0432284238987455,0.0190022712613994,0.0541506195390794,0.0735844950768503,0.0292269924538813,0.0620295848780101,0.0323041817208882,0.0488861138488166,0.0253020097129975,0.0482593031108996,0.0955919023711181,0.034585089918329,0.0258768564107043,0.0577268751853551,0.0227236793485206,0.0476317154563476,0.020379357819552,0.0408631980305565,0.0135480089552327,0.0239703273335548,0.0341243877795833,0.0426291476417393,0.031867751644619,0.038531129993445,0.044210846921878,0.0418281930415385,0.0323534903398301,0.039268408985137,0.0216269778883763,0.0485719463085672,0.0387708333521323,0.0328518401840594,0.0248737274649444,0.0607022704177488,0.074727430176075,0.0443542057328904,0.0205025543000497,0.0645545003839165,0.0187020901787336,0.0262481869776557,0.0250925444602491,0.0213591397712133,0.021582466538912,0.0248521833567579,0.0414094357253749,0.0456728475399509,0.0506075423231805,0.0480835337477855,0.0411062371912827,0.0397605172063376,0.0266862728916361,0.0618018144711292,0.0553090065761803,0.0638798469707194,0.0339689095630488,0.0236090973113773,0.0318704587758698,0.0366919041746378,0.0571627408314194,0.0184990183078038,0.0293879862968676,0.0404121054218702,0.0557526313129725,0.0422517470394243,0.0431271349775262,0.0370832817026697,0.0162475914328658,0.0298220301113087,0.0281497470674136,0.0414543619682685,0.0297837770481695,0.0365105307812653,0.0507573072095907,0.0340700868123517,0.0474634661980232,0.0550252483805362,0.0558451355849927,0.0409302123749564,0.0230511376264133,0.012838823580452,0.0142083094588107,0.049069711983787,0.0253632277238157,0.0431513664455702,0.0248435952512283,0.0683201346172673,0.0368733872938626,0.0238681147592336,0.0261379672496061,0.0368315990686559,0.0257197597155755,0.0397839860494951,0.0448382558655509,0.0164442326286992,0.0378562139555104,0.0355304094493058,0.028143878676207,0.0348948615039932,0.0224296127137714,0.0395241391693164,0.0557443008621154,0.0345260446355802,0.0531830373567814,0.0425069329437105,0.0752649949640317,0.0243901419630128,0.0444542969102095,0.0651580432539596,0.0481050768547659,0.0388000259091799,0.0277560588962925,0.0446565694375694,0.031989936903835,0.0539446910944675,0.0393102115439081,0.032642582512975,0.068583834194895,0.0586046427764902,0.0345065427997807,0.063880209703308,0.0483658314506427,0.0304758607105604,0.0503387420005743,0.0476969878728615,0.0478638344891257,0.0460798760306643,0.0676936644095364,0.0383590807698643,0.048538858508159,0.034619928270508,0.0380735117980688,0.0375171170097225,0.0246939875610597,0.0478860004112343,0.0853496669189534,0.0471818310566818,0.057369507382716,0.046215208491428,0.0429797014759514,0.0307621657919828,0.0404827144210671,0.0226708141255889,0.032600435376857,0.0496587225903227,0.0148150933571555,0.0302431946264425,0.0345844582158373,0.0331588807882875,0.0248489022627402,0.0404704723854968,0.0425606120638023,0.0531121972363346,0.0370848622770918,0.0487092945405424,0.0396067306256471,0.0705688059086699,0.0230428115739522,0.0491265837652541,0.0238516658785767,0.0534342416504894,0.026518769639573,0.023592249726147,0.0391265144985044,0.034837125253555,0.0406939379042396,0.0208962276018796,0.0181984498429296,0.0432897110023138,0.0668556675592731,0.0320979488783181,0.0521207554548616,0.0487340199311182,0.0522057965647222,0.0362783928171518,0.0490839363335658,0.063837137665087,0.0405861868191137,0.0495271515685743,0.0187721652404446,0.0273587869297676,0.0296577671581861,0.032352609998863,0.0638095929808382,0.0360479433710749,0.0308218758792335,0.0345608403513791,0.0191551749503791,0.046469493618815,0.030381089282727,0.032680461579908,0.0221336438259224,0.041524652643464,0.017129980099072,0.0129176642227655,0.0161858278011471,0.0322019029496339,0.0465450735655406,0.0503842069955318,0.0669312001130234,0.0444313295255984,0.0296184892674272,0.038555490672822,0.0471811392124255,0.0587879663420995,0.0458357287049219,0.0501828372704523,0.0321325523632578,0.0245933122571723,0.0455805776054243,0.0527997143991095,0.0414305818487165,0.0532143788609621,0.0478112148750322,0.0584109234823684,0.0217979767592836,0.0588109834748758,0.023361481261023,0.0536219702618215,0.0352972947206108,0.0262059214981959,0.0544924726824411,0.024170729100632,0.0285888018792826,0.0319915978639678,0.045350863114481,0.0238959474384929,0.0546313123248496,0.0435449510809769,0.029897474138917,0.0446044337559666,0.0389686271740476,0.0319765549996419,0.0433790897918826,0.0636433209325902,0.0321129579564744,0.06110527316168,0.051905775578519,0.0472240960366627,0.0305261034703072,0.0194204245811449,0.0550023375621473,0.0503621173864667,0.05478497843798,0.0431919038452484,0.0281660533068101,0.0227219764717994,0.0316001082223493,0.0398184084997765,0.047332522218265,0.0479239072655218,0.0326179596285489,0.0259787077716563,0.0320457218922624,0.0263633469496309,0.0454782063705141,0.0322557753520054,0.0425163951622103,0.0459471033456765,0.0487986358399882,0.0304648676693959,0.0620058873865405,0.0327995878084503,0.0495726092126117,0.0356773528250716,0.0500658986251338,0.0297715054389708,0.0282610478281406,0.0283343016218821,0.036458753262685,0.0506163180884687,0.0230807184430474,0.0392355980880732,0.0358179098612759,0.0391000042209989,0.0274978943071625,0.046658816215214,0.0404902319281891,0.0276163071612202,0.0579607667732359,0.0465318541584763,0.0107250487628612,0.0423050038821301,0.0425170567154462,0.0268917947020314,0.040356227917253,0.0236889129772737,0.0456195372695809,0.0211524005808147,0.0116584968028611,0.0296040329050237,0.0337304058421546,0.0385330698673617,0.0483285143351491,0.0414048531873712,0.0397765542016239,0.0432546612354623,0.0502258561936962,0.068750143989219,0.0531747841709688,0.0456040901535931,0.0277811274978443,0.0528061956088347,0.0394236808354874,0.0472339716419846,0.0473009135395488,0.0519287671624697,0.0434191486721074,0.0451824195711153,0.0524114059009065,0.0189545300249085,0.0371497929684584,0.0204186642397928,0.0323706281548488,0.0346305413597896,0.0412655227315962,0.0506585450470745,0.0424453633701192,0.0377007600694265,0.0327130255500184,0.0483095239281307,0.0477440670294062,0.0362074317906507,0.0526668080863868,0.0293494704184384,0.0512965138133961,0.0239386183284319,0.038507637557784,0.0254402524721535,0.030272621798031,0.0467321816795342,0.0905045043877719,0.022067531026179,0.0565176119750856,0.0254340331676489,0.0584762011934112,0.0243954866031147,0.0287309485209888,0.0218728763353444,0.030431388026919,0.0175727606506956,0.0646602794243073,0.0417095697416912,0.0247013065817095,0.0347478594912634,0.0331416203311364,0.0334554024210451,0.0376391106375534,0.0331501609835824,0.0218449754826733,0.0544173962044605,0.0596157204639396,0.0314281748397575,0.0430664304159271,0.0387083985174816,0.0457980602070535,0.0466188153201362,0.0265269559112075,0.0348274778154229,0.025277606853025,0.0524531049454772,0.0319998534481207,0.0215035452043497,0.0642074192673748,0.0691686916514321,0.0302259615147234,0.0384571321295426,0.0344955278034407,0.0598202607729745,0.0378429312345548,0.0483390839564996,0.0265905454224818,0.0453067555782507,0.0440191254136048,0.0446079441913067,0.0350140231360861,0.0594921225599192,0.0393718180264949,0.0291084551428266,0.0225677887227977,0.0218427530170999,0.0453039472065371,0.041759211267086,0.0551082900177037,0.0360083242019963,0.0430631706463411,0.0392010621520786,0.0347895888611291,0.028614210650874,0.03260794311756,0.0304592944237006,0.0436391546154441,0.0600492905654566,0.0302564864697005,0.064999193194724,0.0385006498157212,0.0220773260040565,0.0499210948905939,0.0197014762792433,0.038338846466834,0.0492667567456249,0.0373347760585167,0.0385762715143954,0.0315120574597241,0.0430693451800549,0.0263560722699566,0.0597142403986149,0.0216162515744476,0.0447625596760619,0.0580653406421589,0.0342800417488689,0.0316822166636769,0.0488089347538782,0.0239987624466498,0.0332092684087693,0.0360502899642397,0.0305178523201472,0.0579027742285384,0.0469844017814751,0.0435557627896819,0.0343332788830134,0.0364730648469526,0.056667529566816,0.028033636004171,0.0208274504337783,0.0433887253892397,0.0286647467850865,0.0506264666684829,0.0304512612845008,0.0597177189197667,0.0297428761727816,0.0500881080664092,0.0366368697764669,0.035052693653224,0.0534493798303799,0.035787181938691,0.0372113678804035,0.0254803428412283,0.0312993417762168,0.0193719703262954,0.0404104551528216,0.0539889813588904,0.029312727239717,0.0599902169396315,0.0353776345565808,0.0482362747559251,0.0531829538982893,0.0655951443629641,0.043432891370712,0.0552931386183518,0.0259463169900081,0.0475499132514472,0.0459458701537555,0.0218701354533289,0.0530153142830395,0.0428936020502059,0.0322634582072486,0.0428228327680366,0.0590242395043426,0.0456310254659938,0.0366392346055397,0.0360299154032835,0.0291645423706367,0.0862909355427542,0.0264929141053816,0.0361432702201554,0.0283209554505285,0.0280466920160728,0.0567537464399086,0.0188501913387828,0.0381977330445295,0.0440325795426109,0.0349649941779959,0.0617196034111909,0.0551312895976187,0.018305539694616,0.0406163915233415,0.0236360908589422,0.0376807095178902,0.0455531282392724,0.0394845864977643,0.0479132285192452,0.02798672872826,0.046558363373858,0.0284733386425376,0.0515869561143261,0.0542399251749538,0.0273881708221463,0.0379699450398021,0.0320602695817882,0.0358720351571991,0.0686630001166314,0.0355627065299858,0.0401337714919418,0.051487426302323,0.0311469514494926,0.0397742866960899,0.0430894172047388,0.0202593861597311,0.0353179197680045,0.0539142004459282,0.0303158501298894,0.0310751645572112,0.0455876988614459,0.0454291350969847,0.071206810254969,0.0391299216331133,0.0356799273269428,0.0435951143735284,0.0466122006270684,0.0278515885874703,0.0306576446303921,0.0427659094452964,0.0188257670596731,0.0163524087539162,0.0539281538133945,0.0276654953868757,0.0432440060381065,0.0326965641982814,0.0442500620342867,0.0535973693189423,0.0149819265846404,0.0231682627836633,0.0194175965567487,0.0240601131025511,0.0421964832293968,0.0421670720638556,0.0516760328032354,0.0475993027721253,0.0238588924544364,0.0469442766991773,0.0376368605071045,0.0259088796270147,0.0502291693778244,0.0233483594377432,0.0378413826122841,0.0408667761518549,0.0366196192778018,0.0449333441375689,0.0351404662057893,0.0424513466616776,0.0520525793125106,0.0296727752461109,0.0498213513342542,0.0545457800176346,0.0211299368334717,0.0435065477404339,0.0635094505916194,0.0422537582762446,0.0469949705082538,0.0301382689856834,0.0502544198173277,0.040567974205536,0.0354286958271511,0.0418684679519255,0.0248108039146452,0.0613848977733429,0.0389232571557275,0.0421137352627122,0.0331008132176675,0.0506536168022764,0.0506860511449083,0.0387843667502529,0.0369416449919073,0.0192713772427485,0.0322858532265676,0.038853890673348,0.0263138765803815,0.0172412307681496,0.036743284724725,0.0283542687620208,0.0500919965520127,0.0219528203704876,0.0365548603626974,0.0351930061071329,0.0524021864105583,0.0292484419621441,0.0435127676697189,0.0507311563618811,0.0448899682186272,0.0457083109890889,0.0647722443960998,0.0644762760170431,0.0287863659589316,0.0262617766156267,0.0801037447940997,0.0338476784621326,0.0475072756446409,0.0536741125076099,0.0456477242000861,0.0417822720113872,0.0253840806103702,0.0214792948553537,0.0360521729057934,0.049004366341378,0.0484632643654782,0.0373495083450099,0.025088384933097,0.0517581168066598,0.0267582967667783,0.037653749168105,0.0419344618880447,0.040455798650077,0.0591343212367075,0.0281457579597922,0.0400883358280344,0.0420164553291598,0.0347164406118948,0.0579101530628311,0.0728330466261654,0.0307476479865999,0.0629642798094861,0.0538618632146404,0.0422517072902617,0.0426669110033714,0.0291725216820879,0.0501534210745831,0.0269364092283511,0.0230358478118344,0.0236085826732843,0.0341770131996637,0.0540051226470823,0.0508684048129039,0.0388671342382085,0.0279165094810761,0.0354409015726926,0.0388053464217617,0.0353250447918601,0.0495751928027652,0.0498836189415896,0.0639451299230148,0.0684121172503998,0.0435088691311336,0.0593562881761026,0.0214809072088548,0.0296357708943538,0.0292704993521654,0.0432752303352931,0.0380134980826357,0.0548544814586916,0.0695369861066848,0.0386485311843519,0.0193385448851807,0.0427553698610358,0.033205324327247,0.0379694742491416,0.051385353298456,0.0568670677402744,0.0545948193911754,0.036481756146081,0.028723157082723,0.0574731601475974,0.0524019372791726,0.0539340392927069,0.0375376725206805,0.0560103890562312,0.0473363333916071,0.0689936510091188,0.0217879680216297,0.0295050146485483,0.0308122091181755,0.038398552408023,0.026957335082417,0.0318680407318189,0.038631439000797,0.0622771476000062,0.0468181412733556,0.0425952351123093,0.0856891358159453,0.0110542749798191,0.0560587713669392,0.0345389529496786,0.0459068995889262,0.0370467845410515,0.03496801909179,0.045803440240934,0.0490349797089975,0.0345492407422138,0.0322540677555904,0.0400878701030138,0.0326046984007632,0.0382296742411484,0.0319902872811333,0.0203742230889535,0.0458348971247417,0.0382271227588831,0.0590841808998812,0.0166402643103273,0.0651956306132543,0.0282755487148264,0.074031589171845,0.034018829380218,0.0357932831517741,0.0472550406234292,0.04418969575542,0.0441013949238746,0.0398962443771498,0.0279706161907904,0.0597598853059052,0.0442378720273936,0.0546364944122655,0.063543344857023,0.0508683819010472,0.0466529152989925,0.0395653690537303,0.0525884732073129,0.0236686678597736,0.017441168383166,0.0361541038111623,0.0285603625577001,0.044199358765171,0.0289552100424151,0.0600165750269891,0.044573102552588,0.0433942957281285,0.0260275797272481,0.0317330523283958,0.0252443385776058,0.0463849315533418,0.0518920160188886,0.0338059126456291,0.0342610284028382,0.0411717095431157,0.0323657493596244,0.0279828087745793,0.0299168767427601,0.0418053690044876,0.0709337859932059,0.0325839481479538,0.0378065932211434,0.0263437990430708,0.0416410729522474,0.0346231608255776,0.0457617542102089,0.0251395814711845,0.0413725421744752,0.0201890899844669,0.0439507631398508,0.0279024627761513,0.0487567974110909,0.0322632326601438,0.0356522073369046,0.0507005395942446,0.0262372893113665,0.0619742896990228,0.0453483578630007,0.0704604352206813,0.0587491550976893,0.0125274310446234,0.0339029152695424,0.0308084542812927,0.0574608411723933,0.0349114817587677,0.0456685128429114,0.0396459960431308,0.0301155235562063,0.0338845366185418,0.0560175918592389,0.0274086756496496,0.0233984743167206,0.0354979679826257,0.0502043193986826,0.017125909095808,0.0354095024662524,0.0556670550568763,0.0412631179232859,0.0640752679304513,0.0519900156743086,0.0470003772927297,0.026126264592712,0.0362349876514252,0.0438789509953961,0.0303995196013588,0.0210020487462813,0.0385125548730425,0.0416694433674272,0.0604031366023662,0.0473498884873189,0.0412769636037612,0.0552090072610138,0.0521816540194228,0.0423251875752342,0.0496961631733547,0.0269068586853749,0.0366377409015992,0.0394564231443496,0.0631677795028702,0.0177107945996955,0.0548473552201752,0.0215032859653391,0.0405058627903978,0.0347762301718071,0.0476597797037799,0.0262971697380273,0.0338076567689192,0.0438426315575155,0.0181197372793206,0.055896000419135,0.0459288862000786,0.0460691005842816,0.0441105065090219,0.0217118060738847,0.0380741358964788,0.0498329576858495,0.0282682657481403,0.0369338109910566,0.0333696172427929,0.0346466239251557,0.0212503905736263,0.0282018073802011,0.06874911901232,0.0410223763133019,0.0348225603622414,0.0680091434497542,0.0571079847033691,0.0372348910067399,0.0189099520027977,0.0397027643724075,0.0612719308366939,0.0358544385901901,0.0387293224882355,0.0367222852550728,0.0367030859888083,0.0338862250527871,0.0188480238861182,0.0457534229402929,0.0424152261787026,0.0280930354252164,0.0246461626216257,0.0355241738986959,0.033949563180971,0.0562331787664781,0.0310437095339662,0.0443869823701066,0.0302633978926622,0.0282764376594009,0.0451757434687209,0.0447570014466613,0.0390960920251137,0.040426781038657,0.0211174941550323,0.034823087343666,0.0346950047267738,0.0344753932627164,0.0381977007605642,0.0721370540229854,0.031251791431316,0.0291786388300212,0.0129579609975344,0.027979466114647,0.0251929619297358,0.0302332587625427,0.0526308082012612,0.0402614941589172,0.0538832311311304,0.0335071499626888,0.0374299544042335,0.0314790192592099,0.0316386974907803,0.0518734438652476,0.0424998085392238,0.0628424547757552,0.035603882577625,0.031170270626922,0.0400866120143374,0.0349442631842847,0.0351587517855654,0.0325520397561049,0.0078406461599662,0.0247947102321113,0.0523204614169268,0.0423254410724981,0.0241877251607915,0.0463647394495475,0.0413505970244804,0.0368384084271829,0.0293686441826181,0.0441583023811793,0.03779683270612,0.0354950546637814,0.0612536144160244,0.0169041079614014,0.037001256872544,0.0269989279483122,0.033523533632189,0.0346880342052429,0.0299281617538608,0.0406369644880726,0.0297236663989768,0.0372986666114613,0.0501907838733234,0.018719672662146,0.0509265919998314,0.0652742258720486,0.0409546413796327,0.0421479771539509,0.0263914129792627,0.0335490217192495,0.0272881203247233,0.0401459215647283,0.0475716068591548,0.0402464725809804,0.05262647539337,0.0359014781208293,0.0365043134167896,0.0389920068179399,0.0498307420670283,0.0571330916534544,0.0578676288061272,0.049835634946267,0.0371774549766667,0.032845142215569,0.0178923975652041,0.0362847620083742,0.0636709262561615,0.0266625612600386,0.0414583338315313,0.0300411924841136,0.0514407157182494,0.0389238195012313,0.0542934105758911,0.0323175974182137,0.0368002054504002,0.0252988131230295,0.0474643257336548,0.0498019547204126,0.0738155197349704,0.0238663571907341,0.025639767748299,0.0671038314104844,0.0420015429955618,0.0548611389976786,0.0358362757521523,0.0647392568779092,0.0273527067266973,0.0366632380678715,0.0516579520821279,0.0533489043579736,0.0299292345302786,0.0555979200701405,0.0622965494109072,0.0581439476019628,0.0611850862895939,0.0590742803092733,0.0558457688986415,0.0307618099470314,0.0339266962315992,0.0368574057005258,0.0332975014587225,0.0201104902903028,0.041026945512048,0.0485305232335835,0.0490188532765688,0.0502697759695919,0.0199604911291166,0.0587925247721608,0.0460523612507243,0.0566380984958403,0.0493156718369921,0.0651231653525592,0.0431035595005143,0.0501709272323959,0.0676068187908267,0.0580266061008424,0.0383630070404677,0.0469978293762096,0.0520653635139885,0.0369874260717574,0.0398677216641033,0.0503945234560555,0.0302422077365435,0.0464951496558825,0.038664568901887,0.0548072286004733,0.0641187073263776,0.0229641895890774,0.0538446899859952,0.0218392885146681,0.0490226514576482,0.0394846469544131,0.0811905297352881,0.0334740595825069,0.0609146496454649,0.048930649237627,0.0204621429535767,0.0425303253159814,0.0399282897668893,0.0451346137477111,0.023713287922448,0.0416273442628581,0.0246629836410357,0.0280215258628017,0.0816899820620333,0.0529794991494766,0.0500612886111015,0.0386410121646246,0.0319026396967772,0.0344352284860901,0.0204171639517095,0.0390689752665962,0.0325098962075836,0.0288021614521133,0.0349413728013805,0.0401041936649128,0.0517721689673971,0.0423147005610223,0.0400885855514633,0.0320472751159843,0.0662715170462938,0.0381807301512823,0.0110016754717197,0.0472473472180555,0.0348448579537662,0.0219912261018463,0.0360173857874995,0.0542962109633427,0.0285534419940585,0.0201377004311645,0.0596195871616195,0.0445744532227016,0.0382987798674591,0.0310337437908144,0.0467876117929366,0.0413860284177382,0.0478023586941761,0.0398853745425503,0.0383560658801553,0.0470141790157315,0.0326289118520068,0.036070746464142,0.025702353971074,0.0433385561945367,0.0302025262895219,0.0374175333970456,0.028151734097795,0.0523899108423742,0.0423321915950939,0.0379717951063535,0.0338341055936588,0.0590293859886822,0.0305562761990985,0.0385895939526944,0.0328668530972705,0.0316398218509794,0.0249019423551917,0.0629356825974609,0.0599080383534309,0.047152694181759,0.05882203799099,0.0386544356319351,0.0620493354457992,0.0685368839969444,0.0462289173402937,0.0449933890391108,0.0352834116969065,0.0444259026824624,0.0292320933113211,0.0308816922095745,0.0430062717023037,0.01528960325093,0.0408865830710892,0.0408393189983361,0.0458823929951077,0.0210387340314,0.0425795607556076,0.0676632111932332,0.0703326847013896,0.0213937530801976,0.0312961983679846,0.0381124195502628,0.0395382822968173,0.0406667833586614,0.0279650668267619,0.037264750143137,0.0289044844497072,0.0187742886383216,0.0548241334400738,0.0271427037752686,0.0312644500705734,0.0277784320450034,0.0229475694386503,0.0606470986215232,0.0531989776751979,0.0368003207462348,0.0320323267741713,0.0747392903401028,0.0429062845512801,0.0910581063898846,0.0437750783803934,0.0346373017504733,0.0455350445257134,0.0394935511706076,0.0520357091752261,0.0589572002465726,0.0418319501873528,0.0321247621134604,0.0499637517440046,0.0348928876958158,0.0439577432648863,0.0552094846894815,0.0594876520888673,0.0353904721704244,0.0419404657043257,0.0686509257654376,0.0372300025428796,0.0473428292419003,0.0493444048438593,0.0422037089907812,0.0441165394507929,0.028653899399733,0.0228144325719724,0.0659272859892676,0.033949241399601,0.0484838086962816,0.0203072152606317,0.0494885010937579,0.0479509394718164,0.0405046364030218,0.019578982355935,0.0303430090479372,0.0553353547216013,0.029393659093744,0.0322086967896694,0.0479369355456751,0.0376559640768592,0.0211931400083277,0.0188633468560354,0.0463617679035157,0.0403492701340569,0.0309932104389039,0.0270364925302098,0.041513443648538,0.056431161165453,0.038099803541212,0.0366298200685275,0.0306735264258245,0.0340946072732201,0.0363977346909564,0.048542117122512,0.0226261026503804,0.0209053614803473,0.0329811104318723,0.0290792000928332,0.0366677968555538,0.0618258458537847,0.0405189853562818,0.0311139467790542,0.0296394114061507,0.0321425160574105,0.0494334560881555,0.0344574111453793,0.0409101473955569,0.0639401734457998,0.0418601283276086,0.0668523133574241,0.0249275838176771,0.0360494652439975,0.0292707392034022,0.0433160231821122,0.0215549856531312,0.0356928731033397,0.0392577614136947,0.0429978370068069,0.0306186580530947,0.0587259270799549,0.0472759512780166,0.053942063695946,0.0570214361682557,0.0353598301382852,0.0393381573160684,0.0296442155052231,0.0722221639153108,0.0258862445441002,0.0307641496319501,0.0416898730672718,0.0347718604414195,0.0487818243484283,0.0216483213438787,0.0476520456182888,0.0255491878211161,0.0505781912195763,0.0656583668993685,0.0389271200716418,0.0502138018470634,0.0360273448015725,0.0441047955525799,0.0403231551451511,0.0463005107056774,0.0300033357147101,0.0403633568380474,0.0639682670160013,0.0557435921117416,0.0387541055324697,0.0308609564181245,0.0394712600120692,0.0410856792666127,0.0324673105937326,0.0288929944137884,0.0248730171406356,0.0474812125519694,0.0679884167145145,0.0546199204465916,0.0383441696282163,0.0301824375293138,0.0421753955375605,0.0363073435906054,0.0428826894732098,0.0379288962635064,0.039710816958164,0.037440712331181,0.0311874901135785,0.0333504750890654,0.0487011192920546,0.0387601193035705,0.0650756057963321,0.0231459486765453,0.0484192663767544,0.0496838000885142,0.0411584830083634,0.0221504074715868,0.0282108485989889,0.0335421497455988,0.0738608630313944,0.0421501854602969,0.0448691062621486,0.049124737353583,0.0509339413693937,0.0315617204558085,0.0327138220808229,0.0323164658305252,0.0471882135597128,0.0458410687219342,0.0403046960917634,0.0314118667608636,0.0317545122476276,0.0301050870919707,0.0445565730312762,0.0448332349072232,0.063414732272556,0.0314685367964705,0.0363411321850372,0.0356067890188634,0.0235004245116651,0.0225345378211952,0.0509897127473426,0.0436626293443565,0.0228071790112445,0.0211416909235725,0.0226785968984406,0.0111941846497163,0.0320993459600816,0.0287785151710734,0.0478411765950986,0.0251888305837272,0.0514165316109073,0.0428014981866333,0.0393632032053146,0.0447478345513026,0.0564374691119587,0.0522901517315188,0.0504789683161037,0.0220178146373528,0.0313937654596689,0.0558055727045047,0.0419595974358395,0.0651825652622494,0.0304840274620488,0.0567612455764566,0.0488231729488002,0.0455501024670582,0.0421984688521371,0.0393109521766756,0.029272618477257,0.0295079029452488,0.0410583214739965,0.0417869351892733,0.0500174814900061,0.053349120300787,0.0306477679903369,0.0611460519187522,0.0579325918413959,0.0483329829963109,0.0415754212802236,0.0510636724549435,0.0462317603990034,0.0291960438863227,0.04137339486478,0.0385647176931063,0.0375514652136341,0.049051249660775,0.0220993629357711,0.0303740507819179,0.022472791513348,0.0347354458648543,0.0529650468828295,0.0620622480180106,0.0554817400689674,0.0362997928186019,0.0295948691294891,0.0302457320426312,0.0310647060970715,0.05017874826872,0.0236505110659633,0.0399937737603502,0.0509628891942564,0.0436579221674781,0.0427752929461476,0.0442842992709423,0.0461641831563696,0.0589026487784781,0.0162061820423138,0.0472883010079229,0.0433441093346483,0.0330564995687635,0.0389931941623256,0.0355211682353323,0.0444573128451643,0.0310981765733871,0.0675124640788675,0.0409805724669207,0.0261510075667109,0.0432992764161763,0.0398624191185407,0.044755946593381,0.0279908260413341,0.0389998174459066,0.0545624653666091,0.0199223319917006,0.0258765498229703,0.0505323847795816,0.042425913951719,0.0179026167920404,0.0435020489358475,0.0392925175183137,0.0381621063700461,0.068002131939047,0.0467421755554037,0.0496395035523955,0.0394905497052129,0.0611999566325811,0.0368088130145467,0.0201584196331167,0.0320055217446372,0.0371106731639811,0.0162572485915244,0.0408120020504747,0.0443706843056749,0.0465305354693729,0.0480830491163016,0.0489189260930271,0.0444300792653913,0.0394342773078836,0.0369949776863417,0.0272707137947967,0.0372459800094144,0.0289940415168042,0.0440180279937419,0.0299567867255702,0.0376227628456121,0.0260773160065254,0.0579427352863895,0.035840934876852,0.0516369865228701,0.010301171549741,0.0291042808949161,0.0314561400442321,0.0463629181941204,0.0362740983011859,0.0738259633423801,0.0237057030399803,0.0448173563078701,0.0487026943636504,0.0176589868286168,0.0327192004870214,0.0182517995422823,0.035698844978665,0.0431363841406748,0.058051031958814,0.0239793836124935,0.0186499797161407,0.0431735045330656,0.0542259223562198,0.0138465602895445,0.0439658475082056,0.0524978242113233,0.0429886297635974,0.0327520187644396,0.0426826886743213,0.038213053564241,0.0357979666344796,0.0344261136681247,0.0419950369593047,0.0334033002924948,0.0355693692021986,0.0232566106664044,0.0384356918876879,0.0267023394700326,0.040456743538874,0.0430286901130977,0.0337447143612186,0.0195914444038347,0.036355441203602,0.0424603084155899,0.0199779238116367,0.059973347177972,0.0449556733104827,0.0602026772529303,0.0513509390737068,0.0387140737869142,0.0407308768100686,0.0487244056253137,0.0279626945212135,0.0406273534434599,0.0574206859892455,0.0604259138757204,0.0488257449934461,0.0387671867074625,0.030254221054108,0.0434543391377239,0.038435041868131,0.0448355240067658,0.0398334138437275,0.0434772282988293,0.0404664009977328,0.0418565762208775,0.0330410240595141,0.086371700481029,0.0298374589033599,0.0473583679001223,0.0282634652245839,0.0540793795387177,0.0493423277236049,0.0437958665078606,0.0353583180650164,0.0360584632293379,0.0245696153875185,0.0245005742809616,0.0324659117703488,0.0323146842681085,0.0303063534855105,0.0419416242641353,0.0201424372602175,0.0404538364745001,0.0388163824803959,0.02501227961471,0.0602808984529701,0.0464375126530434,0.0538608309863211,0.016241813642532,0.0423519084778104,0.0211033878703456,0.049789984676949,0.0167697774138776,0.0402957476706191,0.0758148269016094,0.0414829703588112,0.0412456944859173,0.0135175897695168,0.044943577487134,0.0595982428617674,0.0152943342918417,0.0445240071167132,0.0287300455483304,0.0312832020650625,0.0426709425222206,0.0560139482847745,0.0312789001779867,0.0212708290029166,0.0135116189741659,0.0549433416753228,0.0155134229131294,0.0364371021657787,0.0159950251685335,0.0522100655045872,0.0483901318826753,0.0128890292575728,0.0565115848870106,0.0509485192671769,0.038868403567202,0.0232310329217227,0.0161799936201589,0.0398380882615545,0.0215839868895552,0.0338303013581236,0.0372174154154509,0.0438022487853918,0.0185127671986581,0.0292843947885861,0.041359734165602,0.0462598783436704,0.0323460809261668,0.0493081936844458,0.0342179031393949,0.0471424582743703,0.0274229515685007,0.0456889521157937,0.0440003137034123,0.0396247012287085,0.0420850694062134,0.0330248104772901,0.0333584649094586,0.0230164597125086,0.0418232108559803,0.087012180760118,0.0487633304869369,0.046540411815466,0.0214393429248531,0.0399709386603774,0.0310457415698004,0.0520412682869184,0.0331523876006884,0.0412128877523709,0.0178446024757672,0.0375013876242135,0.0619742070795874,0.0599900767249041,0.0442961056230489,0.0342904651754056,0.0449056179245195,0.0524772675212631,0.0913267139650905,0.0251232812940107,0.0506616632674815,0.0287254510907236,0.0285897129529322,0.0218005784006,0.0152554570383208,0.0534274487676678,0.0597762953192146,0.0425614841655955,0.0527158754853393,0.0734271585039573,0.040390082035683,0.0610994521677688,0.0395412321405296,0.0530703915919234,0.04401315760481,0.0413649632354635,0.0599748739018427,0.0304096872557151,0.033312520473926,0.0289174307250353,0.0305304677892232,0.0254607968828489,0.0457920012058292,0.0470484435089611,0.0370497199322928,0.0325499948916419,0.0426117918304627,0.034322432533614,0.0325024745610843,0.0500988525887208,0.0275139955324955,0.0408729204565012,0.0112935870602311,0.0319096416901302,0.0598030872103225,0.0356064394979915,0.0325054481323891,0.0432708536903414,0.0265656678380627,0.0466673420579563,0.0334385366164652,0.0358706120266032,0.0495459220425362,0.0551385354701158,0.0456701224874847,0.0431906785382202,0.0473424179705738,0.0449278595417475,0.0438702108124701,0.0381300070432261,0.0113484515717728,0.0360720106061616,0.0545867251857873,0.0208910471991778,0.0349275379952433,0.0392488098347755,0.0148024276737462,0.0819000967929518,0.0221726754695548,0.0662647224026822,0.0475599876847578,0.0270341761738537,0.0400609321882308,0.0255891672934874,0.0492587704189131,0.0239589171366103,0.0480974020599504,0.0355137181280409,0.0352412150055728,0.0218762803257372,0.0465873426336745,0.071697206279849,0.0460085616728053,0.0355045132257106,0.0377045202072533,0.0523967360158815,0.0342248057498467,0.0463331887804782,0.0437600048577257,0.0300579586307733,0.0362488427880325,0.0227902040092573,0.0387531184448385,0.0568646620790464,0.0493778878548754,0.0389692631533265,0.0412577661460525,0.0392297798988941,0.0191086971145388,0.0522221134244704,0.0526169601613457,0.0506159976254158,0.0280078250904758,0.0386151916394154,0.0473379436566571,0.0496262236418389,0.0437447375752395,0.0549907601608404,0.03904281297948,0.013150214956979,0.0417314910381948,0.0290978154723047,0.0557640760243966,0.0326653831051356,0.0418901878596708,0.0783969868139428,0.0340151256953037,0.0257887840661191,0.0542414898692622,0.0211387108434339,0.0449202948012481,0.0286417556704548,0.046307111857557,0.028694524667545,0.0375984084348725,0.0424213861227978,0.0316966294105088,0.0494057833722894,0.0554834013744572,0.0639818708885601,0.0419605456388779,0.0487117841485039,0.0295472371841625,0.0271425000115951,0.0260351624660674,0.0432157826812361,0.0493138802008699,0.0407075347381618,0.041639040545052,0.0533114267693183,0.0617986716316544,0.038668096078993,0.044597763606682,0.0464680305799036,0.0370943139242799,0.029178513889376,0.024431291498379,0.0260390715061698,0.029035811186228,0.0185248460010106,0.0446506790908826,0.0455426835003535,0.0398877685804481,0.0340782457190653,0.0466164776853169,0.0160018772370032,0.0413018234669318,0.0279743507126175,0.042262378266264,0.0451279153803856,0.0475890678629514,0.02693593690806,0.0350348393970307,0.0234438346260805,0.0344950795782587,0.0547082922791249,0.0498098632674038,0.0348551754659996,0.0630832221332709,0.0224125167447772,0.0357373170870596,0.0347972941584286,0.0373990581136063,0.0619831579980916,0.0318611121951982,0.0605566884044359,0.0331303663833662,0.0139666138226652,0.0286093259498674,0.0257992995490961,0.0250201917499231,0.0444691500338172,0.0363736320462363,0.0306322298526401,0.0545820727842263,0.0548706819670724,0.0378758443116493,0.0424895155896968,0.0314017399675532,0.0436052098444208,0.0398260130951673,0.058641557776309,0.0434727205839702,0.0291362838913272,0.0672464513420395,0.0287150472642284,0.0454489690791581,0.0411941970018891,0.017627840171199,0.0440648999803451,0.0471809819982024,0.0538372894724791,0.0483735407368964,0.0320601655665263,0.0539823357248238,0.0535464993533098,0.0467029344201682,0.0297603101515104,0.052355589734165,0.0490586438330057,0.0611072051275913,0.0403350072736142,0.0339159983711526,0.032702318084632,0.0276833945574164,0.0304636328609829,0.0349555019078167,0.0361937436327958,0.0168426507901621,0.0378898793510622,0.0228273376315892,0.0386732622265775,0.0251575329990715,0.0364866258361018,0.0700702856263063,0.0562115485208447,0.0267085351829139,0.0379522825307551,0.0654110805717209,0.0567987691019022,0.0301557597060714,0.0518556125788226,0.0272646758929318,0.0106644059762989,0.0587125137683776,0.067273079102277,0.0312797992780215,0.0301275913610575,0.0350226719083338,0.0507026303778511,0.0400628129110534,0.0263600213277221,0.0491706115228173,0.0715688395845552,0.0329672908784589,0.0290136524559636,0.0629843223365796,0.00827470110193919,0.0333936461409198,0.0415679242567193,0.0545364645375619,0.0512265428510644,0.0499640033685115,0.0603776832812721,0.0566278785586255,0.0391824027324261,0.0646122200174906,0.031431894183084,0.031129208959519,0.0140036405615088,0.0390107245739806,0.0247977421537895,0.0605014827659268,0.0275529065897467,0.0407286716743189,0.0601436143031737,0.0438202918467821,0.0164709080390608,0.0359862552357986,0.0479734680383511,0.0331300210312866,0.0480621112955205,0.0529633855430104,0.048633937660145,0.0233031072123229,0.0586126903237954,0.0636068440173937,0.0456948651668383,0.036667216189565,0.0406374662327097,0.0317772853802832,0.0362459623923146,0.0333066710500502,0.0416493972490845,0.0471702051220006,0.0492047947363127,0.0321443012397863,0.0392473128182452,0.0304158540367625,0.0189362007174036,0.0560465816366485,0.0467295212273767,0.031617406505888,0.0456002934672147,0.0429641330596227,0.028515939570149,0.059465557901012,0.0399887756904997,0.0358129438484898,0.0291623654260281,0.0470061817306099,0.0168269883058191,0.0536755163257852,0.0418022414688431,0.0379909127491834,0.0310553244970547,0.0471199178426431,0.0484876212093413,0.039665020727981,0.0283096754564816,0.0364825870678988,0.038627872839509,0.0309502155012018,0.0437523556936501,0.0372398605832008,0.0412906732801382,0.0268684263492248,0.0285402588183411,0.0393979102768802,0.0517687839784223,0.0180830198964349,0.0500072186200165,0.0451253833504432,0.0390902803848911,0.079182144956143,0.0373493530447543,0.0436273081616694,0.043888841350031,0.0389587073924954,0.0511478056030579,0.0567747525658643,0.0488853183615728,0.047977863840179,0.049230263025912,0.0475090754112153,0.0587064798615132,0.0326947436124111,0.0361194285846908,0.0197396985462997,0.0592775271181082,0.048463963812779,0.0426718430551614,0.0270301898257759,0.0203443795931899,0.0300174205254807,0.0262113349945898,0.0377626889305926,0.0350538778042052,0.028644026959394,0.0453568809680481,0.0419640958367825,0.0431928500952003,0.0301881661532018,0.0248323440012583,0.0332186881591258,0.048532013756517,0.0408940122435405,0.0341133002480058,0.00964966828943294,0.0260289191895524,0.0430944183334473,0.042990854511749,0.0256981734123954,0.0459907278975582,0.0169883525830664,0.0233069480651873,0.0405962226328569,0.0385437041817791,0.0300083415131341,0.0493882187696454,0.0451142734673025,0.0286097915517767,0.0421137013771399,0.0448899726810487,0.0331649314793093,0.058417729607705,0.0547645267839358,0.052617206185644,0.0248976060550253,0.0461187547783953,0.0548987571696293,0.0206484007498822,0.0383487955907687,0.0369132373335787,0.0406717905875332,0.0373818661694504,0.0606352464846971,0.0353982400707048,0.0446147355770684,0.0336209839541712,0.0167775301394585,0.0420185416002992,0.0247420972672683,0.0296457563215976,0.0539034460908329,0.0524819024678042,0.0387111224211293,0.0507835209430875,0.034257257283931,0.0474077301257445,0.0394709812977704,0.0388715209120818,0.0286497514196945,0.0540602711023772,0.0402402972346621,0.0331991490703842,0.0449655879791013,0.054674715303749,0.0471618251149007,0.0297551327240853,0.0391484636990792,0.0614249945690856,0.0252044018641548,0.0364525040617727,0.0362848543444869,0.0198507059676665,0.0558262488711214,0.0323888293096549,0.0684154483209495,0.052415839154932,0.0364435764115642,0.0511709106104816,0.0386317590217931,0.0359712969155119,0.037258425967274,0.0364306189028045,0.0345740493437345,0.0414140224505033,0.0411072476622136,0.042572267552151,0.0517181347664344,0.0457418439523504,0.0504355277587581,0.0340927293466901,0.0200638458455787,0.0334608829041456,0.0561110394303165,0.0533435023388975,0.0554931961166545,0.0619525568409779,0.0403994486726544,0.0334428483947301,0.0412324777938609,0.04542767487675,0.0554688290159719,0.0423459986630937,0.0223782508796025,0.0257479423190266,0.0579958434500251,0.0328725466835968,0.0248890972378778,0.0343948686553595,0.0519094649348387,0.0325772949298224,0.0263756021206746,0.0502303463861421,0.03663187080526,0.0656280819694516,0.0415512002064302,0.0331500618222686,0.0601346015621918,0.0258181274166799,0.0512995185916386,0.0183707135314657,0.0383752794771696,0.036964967365916,0.0566320060481323,0.0565263663326014,0.033379467931548,0.0737024038288838,0.0323797667108885,0.0554591194401464,0.0356351560304625,0.0203994209696197,0.0318333842186506,0.0733374970777228,0.0187093260273952,0.0497603721061601,0.0705926268610553,0.0403237652472765,0.0289709247051016,0.0493533106277035,0.0668971403965158,0.0352498938224454,0.0563884525317477,0.0557759788630183,0.0263462816034904,0.0761018076123401,0.0382718563890367,0.0479030836553806,0.0425986247462549,0.0486402727002585,0.0627976106174672,0.0444517738945403,0.0402916914785372,0.0333959343215228,0.0316683209534128,0.0444446061643376,0.0292379341846734,0.0428719621908218,0.040360876221556,0.0436665401287702,0.0233836618286238,0.017609058349901,0.0490141576693432,0.0212229265672449,0.0357517439680618,0.0527523807943355,0.0443775646156107,0.0356672314201783,0.0411513586688875,0.0352213654459373,0.0385552527495075,0.0557459985036761,0.0436377146403339,0.0168857439134984,0.0240147561690522,0.043529224234016,0.044934876409774,0.0546220431570042,0.0213170512537385,0.0411231481499784,0.0389156333103873,0.0319008022376487,0.0310870396667452,0.035662127962403,0.0607771480726032,0.0304273685887124,0.0654849367299991,0.0123642319587489,0.0496695058705971,0.020712144527675,0.0366898335031115,0.0433029053324436,0.030716679350035,0.0396279477732567,0.0278025787221337,0.0114710667719702,0.0438466275799956,0.062123737449801,0.0467606889093743,0.0481223318545415,0.0318627896078415,0.0554518888267456,0.0404185554336232,0.0296961022847478,0.042948519588558,0.0251865064988093,0.00685850476354568,0.0820274178904325,0.0193863239721538,0.0317112763121693,0.0332854630718997,0.0594355630349382,0.0467504200186772,0.0586246730739531,0.0312579525868503,0.0529305518339185,0.0408957062917962,0.0266070336049158,0.0137010698907642,0.0428521679515596,0.0879562949592107,0.0315618444166266,0.0113168754031839,0.0267211727564819,0.0395154580759322,0.037512174942565,0.0475587108786666,0.0402151424055426,0.026179391221302,0.0398977607566818,0.0222535176142083,0.0380846766930543,0.0630202043324711,0.0269505766268325,0.0367638716837351,0.0306047410640621,0.0408001071825508,0.0740384713711939,0.0406303915235256,0.0422212796793447,0.0266986406792168,0.0315917286146338,0.0503844209039068,0.0395758422467514,0.0202007241024569,0.0267028084691518,0.0261258969283354,0.0476074407501849,0.0522125746840411,0.0292892714954291,0.0421114833285207,0.0382217205197275,0.0449690359219572,0.0443305455994451,0.0414208972759512,0.060468432739665,0.0458158758761081,0.0563104420069711,0.0538680870230882,0.0397142593982404,0.0360866116362393,0.0373123838644622,0.0390418935628738,0.058034118864667,0.0457713705177369,0.0420011638457795,0.0667604961705485,0.046438475658053,0.0398924290960453,0.0270921090635862,0.0597788779781829,0.0544802218694543,0.0378696971074008,0.0389007594300929,0.0210879826734652,0.0468744825108588,0.0303978278734926,0.0370210680123288,0.0347735211270907,0.0455147544918323,0.0321661132929798,0.0420011873836924,0.0404746055411593,0.039534850591855,0.0402412741751904,0.0478385514384939,0.0402821898696002,0.0478358194144448,0.0238156812595014,0.045196716507984,0.0354348528973984,0.0400979682787998,0.0699438858595954,0.0498150226772343,0.0370149909712304,0.0650716004157851,0.0275006514875415,0.0310487257444089,0.0202615791215201,0.0448398890805179,0.0357219102827966,0.0335610874336264,0.0413223261501721,0.0510848927501213,0.0260249386087674,0.0414616784809134,0.035496949098412,0.0391470042770713,0.0334954568254949,0.0376795213056501,0.0505478040963239,0.0393701618443944,0.0429253150681727,0.0396702647935986,0.0545918435211672,0.0227246181002491,0.0549946026946492,0.0322045047355117,0.0538606873873228,0.0424347110636365,0.0266932319811208,0.0426873363703749,0.0240766656351425,0.0796799303222395,0.0315768637541853,0.0608891537518113,0.0433387313506957,0.045751521487869,0.0483340027033183,0.0678772936399839,0.0536352661611885,0.0980463762824749,0.0327536907648495,0.0340721135462146,0.0508535809995587,0.0558187136409488,0.0327061941880805,0.0289778536143073,0.0263113451997999,0.043392256699014,0.0389657471018332,0.0327821179616395,0.0212707538841887,0.0409848809309662,0.0336839004825193,0.0390949934245071,0.03568073558161,0.0567836899616549,0.0430130579312638,0.0392488048493902,0.039835076958452,0.0786529628010581,0.0391690274915758,0.025014868482731,0.041675723515157,0.033887545455662,0.045338158399743,0.0434003779468327,0.0472656011489844,0.0558888819802985,0.0400062409725021,0.0259841450729617,0.0396203534559427,0.0250184894677058,0.0525098165229334,0.0521871919903093,0.0568031168579428,0.035354978635514,0.0511833672724103,0.0643220781935085,0.0404882615880782,0.0276251214301231,0.0494183371868377,0.0493386465604231,0.0313524100704877,0.0395991360778156,0.0345196139640828,0.0705369458800355,0.0384750721919993,0.0742451828275978,0.0792791119873185,0.0243848853581948,0.0400255469673465,0.042883047294999,0.0273501100140217,0.0540586681787011,0.0400332160937662,0.0611194087632159,0.0405979690702974,0.0240186541454233,0.0485604581804886,0.0210708397055879,0.0361876266019701,0.0503280717459633,0.0423465832774142,0.0330811580609533,0.0270942434812639,0.0408855950957809,0.0287965912460091,0.0694957352513899,0.0320413986412335,0.0583120668790088,0.0455911071194892,0.0279382211942352,0.010158723572976,0.0351615822912895,0.0621513754939173,0.0594680137624723,0.0427007645185036,0.0428236456508982,0.0212976912633539,0.0490323414665777,0.0659052438193952,0.0393354913439324,0.040747619029437,0.0213985240132706,0.0280229299974393,0.0383452073409313,0.0445624242549564,0.0418500495241142,0.0431052265282522,0.038185961297333,0.044257591383751,0.0246926543940033,0.0386565347808196,0.027733160741423,0.0311471738208106,0.0415009762303386,0.0277738772246458,0.0596998850541433,0.0504835377303899,0.0615341275422271,0.0435741712016928,0.043295803458382,0.0418635396861664,0.0310360760767222,0.0564836182304907,0.0465038572887354,0.0477402189632196,0.0231441820819355,0.072800033750711,0.0203646925840801,0.0440535653109976,0.031758159151486,0.0393419667348729,0.056959269126947,0.0330472665393867,0.0525002958044761,0.0341421119655489,0.0559845997338905,0.03385674785783,0.0238590239181781,0.028986341163987,0.0332233763136192,0.0355039030253976,0.0360226836307957,0.0275518239326395,0.0334778505930895,0.0433299004946409,0.0378366009248919,0.0364281847077027,0.0397587683769123,0.036065423560699,0.0286851481815643,0.0554286053933427,0.0425598552617387,0.0463326967334351,0.0490695339885434,0.0457790275629334,0.0458652748437866,0.0469231459494968,0.036767023074193,0.0276471792178255,0.0361692758718598,0.0235071484927989,0.0351634167648843,0.0327987383370538,0.0318661508407965,0.0471511822635365,0.0444375924238651,0.0370313271546146,0.0449174832444291,0.0287054098956007,0.0422776731414004,0.0571960224485221,0.0220111238055081,0.0605346244261763,0.0352947938256254,0.0575957578759499,0.0435091946388712,0.0360036874644123,0.0406078715011087,0.04563714303828,0.033661321830738,0.0394322546681025,0.0461057388918379,0.0298028356112923,0.0456670015731062,0.0308021650923398,0.0396881519690982,0.0289436397514916,0.0398658269105317,0.0248964563649349,0.0493729376375181,0.0261481032665626,0.0415074567563668,0.03131180857069,0.0343437410689139,0.0804915874214151,0.0360877407509682,0.0294915637413671,0.0402099731654689,0.0621450142596192,0.0243496093885415,0.0455447467270758,0.0430540335743437,0.0524369218141463,0.0332275210192031,0.0342534361894622,0.0651118373845074,0.0366263203850541,0.0173454441022989,0.0358289692653003,0.0329657611295302,0.0354582987339677,0.0385705359631983,0.0365812723091794,0.0509239295892536,0.063788651467469,0.0186600456614832,0.0446986863466207,0.0322875294140073,0.0392653774230319,0.0498435984088677,0.0292997080010887,0.0343285068215278,0.0641510223034504,0.0263046399295882,0.0221243668759101,0.0397799851933636,0.0275511689643818,0.0542322420230504,0.0350009319427515,0.0439041571680776,0.0585785947281887,0.0477416672514078,0.0238305254429229,0.0239316397441904,0.0459272274396789,0.0526769549128893,0.0639249448126261,0.0460681626859583,0.0448561028774538,0.0396655361278215,0.0406460102999711,0.0530268257632312,0.0450879396573914,0.0472695957458055,0.0445395133796042,0.0433639401896206,0.0352902722641623,0.0448620890902159,0.0338693899472068,0.0218473152137871,0.0421629428661041,0.0321237313743297,0.050584628733827,0.0470557401399753,0.0477791621620478,0.0464435591658315,0.0580188670077594,0.048189901218575,0.0377021794949207,0.0437521716425567,0.0313078539236216,0.0423753125521168,0.0453943758911083,0.0401771498349581,0.0413202449246772,0.0272488984811734,0.0210212297441508,0.0707146561418544,0.0277566813292316,0.048638248581509,0.028072309438792,0.0445384034112424,0.0433664880907043,0.0375137610245949,0.0418703101402974,0.0479924055796544,0.0413223991931294,0.0467867412678089,0.0575050761853374,0.0428781057171592,0.0391772241874912,0.0520437307196161,0.0220666663275025,0.01802929693314,0.0449434492800908,0.0508107306978656,0.0528805739945201,0.0834937311956743,0.0277892915746186,0.0412234712393291,0.0445979334511949,0.0429841625667221,0.0463179047404855,0.0296191492823673,0.0541675954370491,0.0323578152290935,0.0197739395309752,0.033451939396343,0.052256204203394,0.0381891236790137,0.0359707994667758,0.0541062021747287,0.0332546137266648,0.0259191702801132,0.0347370211515381,0.0237702852060985,0.0527037927214756,0.0437290617559133,0.0451167659952137,0.0415091168335841,0.054454371398349,0.0286658162379765,0.0442417703527762,0.0191315897380046,0.0308694406380849,0.0672536091163898,0.0347491316414363,0.0434603815542084,0.027758969191934,0.0586162300957719,0.042853970406487,0.0422649184686294,0.0384457316659394,0.0598353833662557,0.031071029225427,0.0438659632983472,0.029486088055206,0.0411405592999062,0.0342981530446529,0.0408399829123448,0.0235100393547223,0.0254934449165863,0.0278888181788407,0.0868042468266419,0.0533635749382386,0.0449243385187786,0.0534384341273975,0.0464263878402129,0.0412699240861339,0.0608831663254845,0.0554554005304276,0.0522449814597081,0.0594163191781362,0.0359420968343981,0.027340823496887,0.0233217270821496,0.0305526857182881,0.049928778326802,0.0487049826233391,0.0349598887492162,0.0232030464182821,0.0400952268329086,0.0310506474867335,0.069561617459733,0.031126999028844,0.0372386369294233,0.0488208297162437,0.0347790669887349,0.0457675731180085,0.0715773223916759,0.0485497474073311,0.0358339930327986,0.0309348469140392,0.0379942858637666,0.0452957912744817,0.0469507137997335,0.0344807505780205,0.0215098442055129,0.0352872370988519,0.0312158152001122,0.029678843971176,0.0503485265082371,0.0476478279162145,0.0470758789745853,0.0555600719462993,0.0379009354144052,0.0364516858276866,0.0385621972919589,0.0257825180018933,0.0434254819190169,0.0159602606454698,0.0448368991611735,0.0349251335024307,0.0380925409166387,0.033794258522998,0.0243987747794799,0.0657227835097666,0.044401153965281,0.0431549739187923,0.0350555692974462,0.0569311578099386,0.0341122844825509,0.035932115571528,0.0362324797629429,0.0397290701654545,0.0509025918934775,0.0140251628994485,0.0469044515757202,0.0243313279692102,0.0160191856852278,0.0337404594803626,0.0310821574713756,0.0446184720739971,0.0250624614440872,0.0501044501567749,0.0225032584868503,0.0437826162903067,0.0372071533796534,0.0419649178686113,0.0281731114074812,0.0598288419942818,0.0206051882834783,0.036104453053462,0.0246862621556857,0.0423476098478906,0.0412907724345582,0.0510010931716251,0.0336132236456602,0.028370647395211,0.0465915241180884,0.0517428266480927,0.0401099689311499,0.0516333349360079,0.0356421513738644,0.0247950799568012,0.0375568496087942,0.0496980370830724,0.0159375416215186,0.0582344012038758,0.0327983324149783,0.0245894326455406,0.0467638812842912,0.0409423851623604,0.0461867920965317,0.0240281486198515,0.0337918294302863,0.0291076202535272,0.0439444984687748,0.0767179985796272,0.0246374947654794,0.0110108962681202,0.0253223610529577,0.0464151132854119,0.0264550212892374,0.0327426893951274,0.0488804047641023,0.0178174923402126,0.0581630690526604,0.047406736204213,0.0288620076242347,0.0508929338508178,0.0405694614202653,0.027227130124405,0.0588649747697067,0.0343549735761007,0.0583119911427157,0.0412984773402853,0.0455843475724714,0.0496366659434112,0.0406131694882578,0.0599552929561049,0.0469619661400548,0.0266738029519981,0.037834408034144,0.0240058738721109,0.0327457549132289,0.02680630763612,0.0407285818182575,0.048435699629112,0.0392639915867859,0.0236787103359649,0.0349266359140744,0.0362092568712287,0.0386909643753002,0.0254866438291469,0.0641384250951497,0.0211087786844471,0.0333798970891957,0.0385997091543429,0.0622910767414166,0.0332218785357017,0.0497298922948585,0.0410247195428013,0.031016446497089,0.0582825288157132,0.0471643303027905,0.0455907306131122,0.0325057894255943,0.0412745620390987,0.0372165545081136,0.0296339028521488,0.0268734599764938,0.0336376053210298,0.0369816838818804,0.051298978679483,0.0436372859467585,0.0324411148024181,0.0535418145927232,0.0468759429515384,0.0278413822360967,0.0283789494131764,0.0491597608014914,0.0778153892268754,0.041149616547565,0.079108340904416,0.0513115148073645,0.037844379488744,0.029214813530929,0.0377775495698788,0.0508731545744842,0.0422918247623529,0.038725354528671,0.0399358994921534,0.020809499123963,0.0307392266893813,0.0264242468717422,0.0198941261822555,0.0426918960909422,0.0551382569164138,0.0395275070620809,0.0511142065585464,0.0359688268695796,0.0399577334861868,0.0344215516834986,0.0639725383468499,0.0453049249013788,0.0342337032023595,0.0210788604548564,0.0553540082937146,0.045828794220264,0.0376373152101185,0.0269956271906859,0.0485539337976588,0.0487485823322504,0.0181450819127777,0.0465342796297191,0.0241895123105481,0.0418121710165395,0.0374193987567803,0.0396382185527857,0.0323073816325639,0.0410894980413918,0.0569241673696797,0.0404970916334139,0.0463226851144986,0.0359229874540878,0.0503182319762047,0.0555154347922874,0.0467770302589509,0.0443945488132927,0.0374390942616619,0.075901635784349,0.0417521318822644,0.0557058771284338,0.0481327548804009,0.0357722003793545,0.0267091309913921,0.0472728855405643,0.0424479712952864,0.0297526920447468,0.0371423044201799,0.0459609993564556,0.0580931384363772,0.0335110109492657,0.0446507697688795,0.0414700803149149,0.0463325424183807,0.0431078007401811,0.0700973225732779,0.0230857945023145,0.0255727819971639,0.0184529311978668,0.0519247046026819,0.0322340539906511,0.0450361938473591,0.0344787367242681,0.0352224851631515,0.0328110615840932,0.0253246217905403,0.0165524358193917,0.0524437036457107,0.0282192563578591,0.0616416387944265,0.0437812667548183,0.0314229625380769,0.0529156293708895,0.0617252337027054,0.0383326622420905,0.0362650906552821,0.0298140058694811,0.045869590130777,0.0475309691485295,0.0577260176131738,0.055196423580715,0.0282423354094891,0.0534413611359728,0.03684423419042,0.0391768970842548,0.0318511749966647,0.0219441500599899,0.0333383911594174,0.0100646023758923,0.0360540812590533,0.0164652224590822,0.0543929477431814,0.0621816677081666,0.0396355074608835,0.0415640592564066,0.0324793936839144,0.0496066963112006,0.0573399962625689,0.0167187960778469,0.0688378909641636,0.0249131252329447,0.0399146364909104,0.0272766142322494,0.0205611952469511,0.0323622977169296,0.0585539368282234,0.0394713382456037,0.0316147267024587,0.0367076944504696,0.0529271302238775,0.0248564804344642,0.0552819532195037,0.038340779358206,0.0458985229766547,0.0241764995008539,0.0200305365631215,0.0386137823115716,0.0674897378803539,0.0306933586908554,0.0410193055047037,0.0699788538494361,0.0232067790194654,0.0588472769265898,0.0474959697943124,0.0405961863837689,0.0577570063403604,0.049998529671327,0.031681889843703,0.0483898935700069,0.0384974373697738,0.0299367972162187,0.0399679660716133,0.063051744552787,0.0325347440356047,0.0388575654450879,0.0381737867676613,0.0218420695533109,0.0439381127710905,0.0755287654784813,0.0306833782336858,0.0466699812744962,0.0150040366644236,0.0541696441091835,0.05391561885844,0.0360453506967881,0.0392502452741475,0.0529018914854993,0.055303667864097,0.0406942889179301,0.0148881107523299,0.0508490173065811,0.0401589979388749,0.0271859965219347,0.0537683168188627,0.0359207834940651,0.0940132398233642,0.0319999805682526,0.0332068422690035,0.0377373459967447,0.0529212516405437,0.0252826034708577,0.0355144016536476,0.0339482724010746,0.0408493042976904,0.0491525689984208,0.0284653750086927,0.0478368339751715,0.0475025934456061,0.0306864620718645,0.0449430382449454,0.0288819239459726,0.0494618878337688,0.0288793364148364,0.0546838953888051,0.0716594897591493,0.0271815591791705,0.0235292470595397,0.033763042933725,0.0327320966736358,0.0329346198827649,0.0703527984589423,0.042286852414367,0.0316313975683851,0.0473730785748818,0.0462535739598307,0.0134601747054927,0.0829893142793537,0.0421094499126492,0.0435688454366431,0.0384799785400758,0.0358339603503254,0.0736251944312709,0.0367656016273908,0.0317325447666176,0.0445411880701513,0.0426293607709097,0.0367432959216689,0.0369834776047677,0.0344203948733697,0.060136941381523,0.034367702154286,0.0307432861750501,0.0435641440690713,0.0194536083467932,0.0425624969868263,0.0425711022481107,0.0500379681286277,0.0379357005195946,0.0536874045447119,0.0443587542971157,0.0558544608555201,0.0255165001622295,0.0502210110894542,0.0348635753835638,0.0371472748267556,0.042399661559801,0.0459421719142427,0.0390509778277695,0.0373654857909248,0.0609568072860101,0.0366236241299374,0.0435235609906299,0.0505347619995759,0.032950502965975,0.0591985722909999,0.0345508361595781,0.025804069641572,0.0388255409966498,0.0653195741167044,0.0337839204659088,0.0315036790238221,0.0238934323673176,0.0564835592165484,0.0313061443427862,0.0188795490867137,0.0462633202687834,0.0637030449291925,0.0292922453054962,0.0208226610343097,0.0441837801704365,0.0173992860120841,0.059938161141506,0.040366504923297,0.0224112669662443,0.0342199979372796,0.0365263050617685,0.0445752164526437,0.0573198824425,0.0402460488543387,0.0548105095287639,0.0250373303258187,0.0325527403687632,0.0237665944388826,0.0275375743922936,0.0308916429361345,0.0390620057524062,0.0190380695604852,0.0451504586213328,0.0415706221951971,0.0213897262178591,0.0514994685619028,0.0318386048724942,0.046078578390063,0.0382110574619903,0.0305699319282644,0.0404785929407333,0.0429620640996585,0.0377604755328123,0.026831407095038,0.0471790975525956,0.0341547300021983,0.0408829194100595,0.0524245279705203,0.022022281048435,0.055292552636432,0.0581009430026951,0.0313549084869975,0.0381679063820912,0.0392181606361785,0.0387477077256496,0.0547618276586892,0.0455042855943051,0.0330216376875308,0.0352530267758405,0.038139853506142,0.0444630072981952,0.0672142809289396,0.0483872460365192,0.0444476707524357,0.0370177788096202,0.0255414637316862,0.0190571670237363,0.0276850474667113,0.0668279063576942,0.0418863706762977,0.03668913816888,0.0391240098095594,0.044661271407168,0.0347217487400129,0.0452693541574431,0.0368478439762008,0.0317710201425636,0.0386999842144269,0.0310216821517216,0.0311231638044823,0.0415725651212131,0.0336309938642339,0.0342199282974929,0.0290367620447899,0.0416041807120462,0.0591336825007002,0.0385767158178125,0.020823238729712,0.0300358667067462,0.0333264293433887,0.0224728210437316,0.0519783267194249,0.0506874695304624,0.0296841024282954,0.0202422138722355,0.0459852058323225,0.0458234215945718,0.0337333796362663,0.0392418261267276,0.0565966617855186,0.0535386846098076,0.0343213280664609,0.0306047790863806,0.022113195731115,0.0355461181620967,0.0380663318947312,0.0465836456465117,0.0355211070054599,0.0360267887285501,0.0590219254917886,0.0302346740969854,0.0634108110243823,0.0468824076419525,0.0524727496119678,0.0503397803546703,0.0230712284068412,0.0573966462488658,0.0434494715224081,0.0446712690183074,0.0295720050167331,0.0315082423859751,0.0406527480751824,0.0400232695449932,0.0601000492179468,0.0440270282958913,0.0284032911119009,0.0209210434691935,0.0291290050461445,0.0174160496450715,0.0333902988435882,0.0411149075092455,0.0280095524392578,0.0487583900273461,0.0376200346355202,0.0455395537624174,0.0493779985931543,0.0260126320573469,0.0396354583251438,0.0318368216581955,0.0312656042525659,0.0256356128863355,0.0413738722716978,0.0346770483813688,0.0529847169217412,0.0500196427581046,0.0551471992770026,0.0473876239948782,0.0309127419896793,0.0196474298326368,0.0392525486471527,0.0293191513602944,0.0515128372100368,0.0337639586355695,0.0133359640741661,0.039368215309925,0.0329052669033587,0.0423695232399281,0.0253134108745519,0.0488641925647654,0.0435723453953221,0.0280885869331714,0.053356871527734,0.0413839867462518,0.0510225063164693,0.0512912279655731,0.0294397622824402,0.0422967241135579,0.028614662966854,0.0340629556444534,0.0328545656773095,0.0399577229460158,0.0174220111481029,0.0427682318372871,0.0366291970453887,0.0733837561631335,0.0447765534501458,0.0253766328125534,0.0247484531588256,0.0227008025979497,0.0501858811511134,0.0283691280999855,0.0346530388510012,0.0330545602451688,0.0291737554294656,0.0366294054912684,0.0351477003807684,0.0340043990745114,0.0570962040467074,0.0355616919709371,0.0259005954481622,0.0423725676608972,0.0300318787133419,0.0356453620024526,0.0728022797954256,0.0373881835119751,0.0638074106524919,0.0638703213034628,0.0336968192103528,0.0364108728383485,0.043144358159357,0.0472779758269278,0.0214039457620258,0.0217991429684017,0.0465841115197149,0.0550857136642631,0.0395232997444572,0.0251006270567323,0.0606330368011422,0.0422839917852759,0.0287334074295905,0.0475010239560425,0.0189152353119818,0.045929433286999,0.0471205180850749,0.0339656986828938,0.0401647142455963,0.0650774590673884,0.048626684453164,0.0649343262043036,0.021888087451221,0.055845427708135,0.0243140019032841,0.0326038408675185,0.0571442206934001,0.029876460629664,0.0374762358117112,0.0406318391070026,0.0300232756165743,0.0393873447743276,0.0500024720030416,0.0457254389330113,0.0333070576570384,0.0648009248367084,0.021161725114424,0.0231274296339494,0.0622703816161968,0.0659958474370858,0.0388982136021468,0.0488551355218321,0.0390660779634341,0.0539218488201051,0.0578880304180049,0.0457156312162965,0.0559852198644093,0.0323698505212384,0.0300287863473233,0.0433700192235426,0.0345208500088419,0.0347194142118627,0.0669071182215106,0.0354538278248039,0.0771673744128261,0.0216684274153143,0.0375221664066282,0.0417036160100278,0.0266386041504066,0.0481541806785988,0.0526168955251663,0.0195251802056201,0.0604892950380719,0.0443118025132823,0.056475096029749,0.0427908766949074,0.0359698320932123,0.0505389888348387,0.0539997115946224,0.0576220477170952,0.0459522311328882,0.0268158109968565,0.022851733128969,0.00957707328142273,0.0314090493237814,0.0269405264893147,0.0225576324486287,0.0411118586955721,0.0439902596600941,0.00951133105456731,0.0450063381268933,0.054108037540089,0.064382657058875,0.0598107475731695,0.0357993163498239,0.0262152610600692,0.0525418202608258,0.0389938524321433,0.0356849064569856,0.023623894630769,0.0550719987813565,0.0484842015481547,0.037277164640799,0.0451566494556925,0.0245932587624451,0.039596121929195,0.0465732926488033,0.0182470097543645,0.040853048619427,0.0263981781357624,0.0559589024654248,0.0606655589255819,0.0417970661623424,0.0521083945809621,0.0390016669503153,0.0432267315940594,0.042177698767573,0.0282326238618342,0.023048270949372,0.0332609603096808,0.0405821288737435,0.0440946415811415,0.0457900043519194,0.0352983800822137,0.0291562672614298,0.0141669138813051,0.0479773308003139,0.052903905013632,0.0329810895519377,0.0220725156050234,0.0206646825433648,0.0354904265064012,0.0300762227025136,0.0581277127617096,0.0319276096999479,0.0647364292314144,0.0581828972641342,0.0270650274613101,0.0498385476729313,0.0439279015952229,0.0560041989756339,0.0425729817310026,0.0508013532034589,0.04145626578709,0.038760954624665,0.0323742069240554,0.0515828005039132,0.0626271900032314,0.0254930146229937,0.0469363699676917,0.0257590945953732,0.042066178061135,0.0400180740301867,0.0469298721480271,0.0137063971584775,0.063487241434349,0.0173170635618783,0.023710412604503,0.0275179737173696,0.0346434848346808,0.0449015161541475,0.0282768646668592,0.0374328555230593,0.039199261579147,0.0410652263366799,0.0286800592950932,0.0363622429752129,0.074611114239891,0.0349738828197866,0.0679415261064889,0.0210961908602893,0.0346731080100399,0.0416595001459264,0.0568258067789107,0.0450778530315824,0.0184662781661709,0.0405129335525582,0.016396571374458,0.0416752926094413,0.0609579004222502,0.0471206127432513,0.021689451869368,0.0270475273995869,0.0260008391621702,0.0654379383041947,0.0463443409009134,0.0438611989074282,0.0572407195451195,0.0385789622624147,0.0388958789511607,0.0398062365303946,0.0477319952818161,0.0544646852850864,0.0542999558139848,0.0507325538339167,0.0421432298227648,0.0513936507516401,0.0452974139764876,0.0322086105381034,0.0727533961396787,0.0436582914690453,0.0313246518834531,0.0353364712778943,0.0460370910256702,0.043422034417002,0.0455989505174023,0.0546370189357304,0.0374969721601981,0.0427375301508617,0.0372226754975823,0.0488826918914756,0.0624015970729204,0.026467116313446,0.0520288930322305,0.0392498175234403,0.0378917227991467,0.0336694486143349,0.0580252504018702,0.0281814581417508,0.0327362814763377,0.0334030623277927,0.0170751915850451,0.0637802514044589,0.0472059883022953,0.0320468760555409,0.0358768775335031,0.0506574018871046,0.0663666455468655,0.0686389933782793,0.0433053794523326,0.0437579966025472,0.0331782454570822,0.0186704458697117,0.0577759296097644,0.041522468115861,0.0295281197263996,0.0296663309803846,0.0266607684596981,0.0396856627753817,0.0397663395622459,0.0452937083025918,0.0432044587898852,0.0237429665997277,0.0352893664723721,0.0424734481774725,0.0265016429770148,0.0260545074973878,0.0288471935240326,0.0478437223929938,0.0202333941698801,0.00811511712715673,0.0276046354714298,0.0551732049215235,0.0414228316170055,0.0402121358967632,0.0346330347540549,0.0392133022594959,0.0419712203246436,0.0518849740060573,0.0329082698636454,0.0338133709053774,0.036146492592716,0.0337830338020925,0.0853282632658912,0.0264753126962883,0.0261715972315455,0.0370491972237914,0.023323277528266,0.0645397484474774,0.0219278684697505,0.0276385925746746,0.0470699517822749,0.021023592467121,0.0235694892426979,0.0516201655960424,0.0372000875607287,0.0627688445566109,0.0320687762791714,0.0344500563319556,0.0476098127471347,0.044199225427952,0.050142529025772,0.0316016927283323,0.0246524426694973,0.0379136368781609,0.0513743491408065,0.0328615180595642,0.0264878752556806,0.0446655581324727,0.0460983048635797,0.035535403970223,0.0342805028952444,0.0328054559686966,0.0310652201293378,0.0423275641268498,0.0398581402261815,0.043521110725095,0.0452206445940576,0.0277970591505588,0.0645861779541777,0.0467869621520678,0.0445747115735716,0.0510425430778561,0.0460234790693223,0.0659072268393227,0.0226889647476661,0.0525024422066073,0.0315625858807314,0.0417674986141943,0.0474428954140767,0.0310397726615061,0.0394924341144187,0.0809054614370132,0.0456669300801291,0.045832981393908,0.0362615399250533,0.0539843323127411,0.0454947449983673,0.0331764239839448,0.0438960393818221,0.0300588449622746,0.035671527621392,0.0193812745084387,0.0378362186572219,0.0318801501997181,0.0376823528087857,0.0215627930612881,0.0535861452126071,0.066842048779823,0.0425884347046785,0.0319072052204285,0.0491823463380782,0.0541593005957935,0.0284087820122158,0.0325657623920063,0.0284647277774017,0.0363172538463631,0.0367216946907193,0.0262951227823151,0.0271731541260865,0.0594537099868155,0.0228380882623569,0.0317083550878025,0.0410184478393825,0.0438266675511738,0.0984835367976501,0.0513080468019038,0.0356258626226309,0.0456072712083773,0.0409332118727212,0.0534831811324925,0.0336873605805367,0.0700042076098115,0.043067036268034,0.0376284491916743,0.0262421894640437,0.027151536973731,0.0451738530969044,0.048148768465468,0.0849667778331707,0.0439606832080328,0.0316395294904016,0.0211936908477029,0.0354985069057781,0.0377488054730717,0.0445447557534491,0.0232755513178754,0.0403766935092431,0.0379048522307234,0.045016206801402,0.0505086581730751,0.0260435082901416,0.0537349680590007,0.0572112340955479,0.0356289136891988,0.0395659193856488,0.0270881616003302,0.0352769332899252,0.0496851155110194,0.0418011954519946,0.0342641147555293,0.0337076895040097,0.0475986569317373,0.0272207008600425,0.03919509524608,0.0559633243901796,0.0367526582358992,0.041632689026329,0.0609507016556882,0.0297486888784773,0.0415166447131944,0.032865843033517,0.0667753434253119,0.0542483415175187,0.0393516724781961,0.0211825585589695,0.0420632663764905,0.044841227180175,0.0683387711649609,0.0316818387282552,0.0515612918621084,0.0327762819089492,0.0301693588686624,0.0357326455986749,0.0242191832226734,0.0503621016096732,0.0472643321253503,0.0292503714289411,0.0416922208742791,0.053614223611278,0.0595181876169404,0.0476617113652972,0.0293637207920323,0.0340009182247278,0.0368629103395764,0.0346410382738955,0.037534069764261,0.0397050943420936,0.0359933240493095,0.0430917207981258,0.0456338339832665,0.0432825674266717,0.0473902652727278,0.0358626754216961,0.0372056740568411,0.0330104821031595,0.0295078984174936,0.0294376196684321,0.0207364726711382,0.0464499333585155,0.0436080621059812,0.050817366163116,0.042995897767771,0.0452023320556008,0.0478902145165804,0.0563046675594099,0.0357266701976131,0.0538720245530019,0.0432040158235403,0.037841039915807,0.0330586529654791,0.0325258543359208,0.0229970073828784,0.0375475915699455,0.0431407841385139,0.0282807860489087,0.0297008024887803,0.0545645872456187,0.0572528724192829,0.0246957924167671,0.0248077970951978,0.0175216194262017,0.0448099299970781,0.0704997030350865,0.0512945281564977,0.0378423106112654,0.0515623069639716,0.0293825078229045,0.0227408583155906,0.0378996416832131,0.0463309111488538,0.040546569091243,0.040120183441953,0.0410797949325268,0.0408545717123078,0.0531345451575307,0.0321485445461449,0.0544593251455922,0.0419660198823579,0.089020603150284,0.0420845196343652,0.0259695173434482,0.0455906835690641,0.0496352015556735,0.0377759874513379,0.0385682565651967,0.0720724691170523,0.0379720978697514,0.0497812389661504,0.0308222209417601,0.0213324832149367,0.0338843641033904,0.0548005685249696,0.0353435504560521,0.0397993012638591,0.0404993654993426,0.0234974879499519,0.0573074648365341,0.0263486122541685,0.0610435462820825,0.0423481997021097,0.0302820039288409,0.0424350020706409,0.0535396890048685,0.0343236264833546,0.0531041570651596,0.0436166353063765,0.0177714371264531,0.0569588854330053,0.0397250506182802,0.027715090954589,0.0442651914294536,0.0394421233668583,0.0312604763942109,0.0411870754731617,0.0551226669357146,0.0577997484427883,0.0353924009373531,0.061204895580633,0.0493635006124422,0.0382532502863686,0.0263086776539841,0.0482994858148314,0.0744990844645107,0.0344936497799113,0.0435051696689499,0.0419102044683039,0.0317681806502965,0.035470353216242,0.039916864840821,0.0513294377529444,0.0327064499426399,0.0420449813634954,0.012111684084973,0.0324752526598708,0.0437999597064615,0.0601856802039048,0.0398391856546688,0.0474319422814607,0.0214187983465542,0.0521436681104029,0.0396212894034408,0.0250934324817901,0.0468675916145046,0.0503930495467583,0.0440753307284186,0.0444855560648679,0.0138371838297932,0.0285057267972814,0.0468886835900741,0.0368000476689054,0.0227489214313822,0.0323161099922502,0.0379884285220288,0.0606699095662047,0.0300487260959641,0.0391720057328682,0.0306551877583014,0.0505324934835084,0.0527676733246899,0.0470564237909271,0.0228004424631729,0.015938205024483,0.016176162578057,0.0394542343270362,0.0265835864138588,0.0325271567565248,0.0405248538359791,0.0326749150535469,0.0555865265742855,0.0579349958871779,0.0353083669618694,0.0396893066467914,0.0172325709421978,0.0230505628365373,0.0355089642367047,0.0574742945916986,0.0270152633100554,0.0565580229151007,0.0456363999309658,0.0773366485555665,0.0234560293030868,0.0433488657962495,0.0388013436865733,0.0339501192457416,0.0614674785736835,0.0288716941415926,0.0433934760542613,0.0377887518135968,0.0299569044695543,0.0475748021687067,0.0336233213738741,0.0358522827406366,0.041253184918273,0.0182314424787693,0.0730793007525025,0.0533432064503857,0.0352528273758647,0.0730413624613903,0.0431972952029952,0.0681403126366924,0.0432659281718232,0.0367855739516319,0.061766559033216,0.00626811729194264,0.048869480962727,0.0308287056055482,0.0412231882911599,0.0257800777605304,0.0355266551575733,0.0476295782199463,0.0255421038308601,0.0253830207647298,0.0242403940730626,0.0361540373105135,0.0126501394070527,0.0237365496352939,0.026408736601392,0.0473173098028686,0.038653105514095,0.0611686796574054,0.0598149132301935,0.0578019234326448,0.0322582720948453,0.0440154376833655,0.0491043179848496,0.0265161984765653,0.0389941054714914,0.0417683740203035,0.0277054080083602,0.0404853773782196,0.0265902534804594,0.0229519025578824,0.0512441206022892,0.0495174566337538,0.0397590965750392,0.0623808918704626,0.0390946245273859,0.0392236755598524,0.0274218261157279,0.0339566925582551,0.0407418903544188,0.0394112678458293,0.0685551322670699,0.0415095470319567,0.0292182503049892,0.0278289615523693,0.0414633458795353,0.0342109901054856,0.0500227698123011,0.0472193155255576,0.066016537603545,0.0486098233798497,0.0417546957638454,0.044984219298627,0.0493609122757238,0.0442845018841545,0.0282372034255279,0.0451443761878269,0.0446685340405818,0.0518719418104304,0.0398639168098276,0.0533817198655997,0.0431989076412809,0.0349276441572361,0.0639170663768963,0.0367969235019591,0.0288432032823553,0.0318870819939889,0.031404182854742,0.0314800279590128,0.0546542489269843,0.026340950891022,0.0268736593814774,0.0321855359197309,0.0397745378707005,0.0289277225854088,0.0288333627580276,0.0361325890970548,0.0494341252807747,0.0417023469483078,0.0281573025866452,0.049149036836704,0.0254784327274258,0.0372649697192894,0.028950281939766,0.0102994555764451,0.0197637634883742,0.0554001679720791,0.0496837222622805,0.0404747785059909,0.0444739347792029,0.0454722444027793,0.0630287010467032,0.0489434838108462,0.0407370788120923,0.0420964791421839,0.0419940646698411,0.0326746457553153,0.0381705238744121,0.0559968479634505,0.0345644101548219,0.0360826143924011,0.0347543340723601,0.0318599560148866,0.0465822167735302,0.0383328404559249,0.0391962935769816,0.0296023265950144,0.0637990693522359,0.0555295052109452,0.0284824362678156,0.0677833442420297,0.0368412325983345,0.0431504032212241,0.0260242724687402,0.0349958106630012,0.0307528678442083,0.0713585960614212,0.0401303046953753,0.026090560456656,0.0519132338525133,0.0457097210226606,0.0398808058824381,0.0694890958034078,0.0504762673344685,0.0321278558723597,0.0406205151872048,0.0609141367895366,0.0644593440801564,0.0308903280441188,0.0405657045240192,0.0353168777189959,0.0345457647036775,0.0502389830759804,0.0498815708844813,0.0232188195441121,0.035489080826175,0.045035715478958,0.0504357328939787,0.0294003656775931,0.0263472271270091,0.0407157961764356,0.065059782281971,0.0474307613502938,0.0436199367954783,0.0201567200744403,0.0375988070285853,0.0426406899576613,0.0560739443734564,0.0125790967459688,0.0463805860572321,0.0445114338962729,0.0362233818666954,0.0437446166800838,0.0370691874919298,0.0295837121473006,0.0281976424515995,0.0482574027668879,0.0327078652204189,0.0648844572165867,0.0475475871367215,0.0398443874825844,0.022676044006313,0.052822542053937,0.0498262844434761,0.057118293858934,0.0160504694768859,0.0406983406212236,0.036448842696424,0.0268377861751008,0.060164297535513,0.0192939792844483,0.0324023494779441,0.0568551149807811,0.0335630603536069,0.0346477915127238,0.034084029846533,0.0287250090329633,0.0528589695829175,0.0385524702224357,0.0351684581016515,0.042763946557649,0.0515102844362508,0.0532407128402645,0.0247119523951695,0.0541763199809846,0.0396655806415452,0.0429891382018028,0.0275773163919156,0.0321258948100123,0.031791225114833,0.0381820010740925,0.026550401696136,0.0263127765037421,0.0279710203966437,0.0334195177947519,0.0494219599868818,0.0309534533482967,0.0370370754374617,0.00294097973789335,0.0202305238670148,0.0247123562573985,0.0500436251105243,0.0313790265647885,0.0580606612642536,0.0452347349568977,0.031263281188916,0.029146426282811,0.0520266724101299,0.0523701386944687,0.0296416753858914,0.0356609505627867,0.0366153032804488,0.0396836378345895,0.0502473229526971,0.0189906475546457,0.0317697954034286,0.0421483728702532,0.0496948184745786,0.0524751187320995,0.0429344094655228,0.0478276936409266,0.0371770422493319,0.0353405193920546,0.0302370613709778,0.046890742665436,0.0572412825598134,0.0433725840683218,0.0328747059684597,0.0458664891002201,0.0458976483901071,0.0467159051438994,0.0516294115943365,0.0525191682275953,0.0457007704736904,0.0236098274980296,0.0289865005657535,0.0495640461422169,0.0557043102351244,0.0285433653981554,0.0348996896868254,0.0341069609754487,0.0312635069829085,0.030021721456107,0.0479132601970402,0.037123769767414,0.0193496245613528,0.0349655523697554,0.0266432752341319,0.0291548504650384,0.03857651106519,0.034816863493535,0.027311145006086,0.0598027876778919,0.0331837583640591,0.0447471334085967,0.0437402204468658,0.0314551722232393,0.0385678179997455,0.0288443603312652,0.0271609228775082,0.0483668740881643,0.0406373262377236,0.046778399160709,0.0406296037320156,0.0693006264198797,0.0257710236061613,0.0509853523162904,0.0417197508634339,0.0584983597896676,0.0267959329548273,0.0277075819172739,0.0401270160773538,0.0247979397219865,0.0211655678202287,0.0185769011831753,0.0540592568777726,0.0455612477751441,0.0405062015511993,0.035475717751032,0.033537537983712,0.0603202711076519,0.050784620317724,0.0344683025952749,0.0382951263511443,0.0660363653257695,0.0378190931146636,0.0353976485214273,0.0561559274064478,0.0153422704280929,0.0327526659773903,0.0233940546053803,0.0516647520617272,0.0390329774828598,0.0740216192782758,0.0410744895849009,0.021486514612961,0.0300463140297217,0.0481495534052442,0.0454189454317482,0.0178587338390781,0.0418101152681763,0.0253829314227702,0.0398927662225667,0.0532056684719921,0.048651317828381,0.041900972672785,0.026406579047788,0.0673854144085871,0.035801123477416,0.0238436355880196,0.0391476779313873,0.0430783925220356,0.0404453313935972,0.0411282198998264,0.0349347217359307,0.032990708009679,0.0340244899653188,0.0434187102574256,0.0695211251696379,0.0323189815555054,0.0392788531003021,0.0326312582855371,0.0278046634715847,0.0432763507177699,0.0447430040574652,0.0303964688466813,0.0213714786430762,0.0214412938603756,0.058263693444218,0.0403093350746191,0.0273869166654996,0.029052718697839,0.024754799983983,0.0555843950966999,0.0258828788210736,0.0464502695102774,0.0398954851800635,0.0381361338484092,0.0388727992478469,0.0514416716193957,0.0451062908567903,0.0238450312524476,0.0390591893170117,0.0424654350355371,0.0334815021951897,0.0444341634644009,0.0210206684870303,0.021831352107015,0.0432584593049075,0.0302934733382301,0.0365807190177624,0.057955161391533,0.0506327772671154,0.0354060194536768,0.0274140470639365,0.0386788480495914,0.0296336801718097,0.0767044035046628,0.0709400071579123,0.0285875304026274,0.0568174029123789,0.0444688065561373,0.0295122191061072,0.0480524764121117,0.0441241972839923,0.0390344435249389,0.0442374114660663,0.0408662471049075,0.0384516691274498,0.0460509358989534,0.0206088718899676,0.0363637435650941,0.0381220763264137,0.0232390941851088,0.0388565251802963,0.0334421445026605,0.0619464184691296,0.0585548204726776,0.0463315364150555,0.0287494561859523,0.0418114911866081,0.00956074044913208,0.0480286191288857,0.0418248272374611,0.0341635726643398,0.0347783372396107,0.0418502195893036,0.0249191457751077,0.0321490615442217,0.0378024095172527,0.0414472928642941,0.0137593331958988,0.0106001234226479,0.0513105456395773,0.0357314559397335,0.057410139671039,0.0487616274647563,0.04747796992081,0.0235157066950156,0.0332976087290078,0.0444686618125454,0.0386245430325496,0.0502117387447545,0.0389286656604954,0.0262960357391063,0.0355589700191625,0.0508498534237419,0.0366828150497406,0.0458541536115505,0.0317772805126703,0.0398078037498307,0.038438887941511,0.0159002912648419,0.0353856035472387,0.0451209611637637,0.065961172219049,0.0654886769572384,0.0246782278395778,0.0437817228674333,0.0422304223004192,0.0286796490652056,0.0479287044763044,0.0277827141181888,0.0254453246455988,0.0514987235233885,0.0248626880871718,0.0439922651995334,0.0572582090916628,0.0559605905594446,0.0231667396254138,0.0407505411717317,0.0238946653952529,0.027779060394743,0.0538368945969071,0.0331817666133449,0.0420901623893176,0.0444841242497213,0.0251374049700049,0.0413758942918051,0.0545045303888792,0.0429399651439029,0.0497373136595502,0.0125811898666766,0.0498350928283367,0.0333262476432975,0.0409057443508489,0.0326246523619884,0.0404213245414867,0.0424923970679039,0.0433089465333027,0.0400157566511134,0.0338269170567685,0.0477312992528554,0.0356600008709199,0.0520306427362839,0.0166884862411068,0.0372301738031979,0.0312942693079671,0.0433587224138861,0.0295701124487996,0.0308382267861961,0.050783960628606,0.035889400361002,0.0414278802205602,0.0306214921806338,0.0414527425423194,0.0323311459279143,0.0283134467422646,0.0433331461587775,0.0430686556357306,0.0516667953209421,0.0514093157220262,0.0397335900427946,0.0210713911111907,0.0406178442893833,0.0558835177099108,0.0541256400114624,0.0411520320485396,0.00509664276293781,0.0396962076905016,0.0362623846129596,0.0169018246242867,0.0397305352883155,0.0584865740438815,0.0544222618789415,0.0332687580328278,0.0333060192727823,0.0601699013683212,0.0431174271721097,0.0467963345119265,0.0508352346991123,0.0254174076468425,0.0444170440107823,0.0390027968843938,0.029171387518557,0.0494345853019113,0.0424455498805795,0.0270865938258412,0.0372911945205778,0.0490171276220407,0.0396368882524383,0.0522145744425412,0.0442912041804058,0.0467605938501051,0.0332213307504012,0.0351676391758747,0.0308410530613025,0.0401496225215678,0.0328692338549663,0.0538562436368786,0.0523266661521948,0.0358381159710756,0.0599088031616653,0.0403491904804253,0.0432627618117772,0.0375880675780643,0.0394877131140281,0.0488029128296131,0.0328236919746811,0.0329789561685422,0.0232257840081869,0.0362404046943621,0.0317445816732284,0.0369997779574669,0.049636965514283,0.0595713179896429,0.0319210147677019,0.0374866829905414,0.0555657821904336,0.0461939394905077,0.0415963558182054,0.0343411377616008,0.037855839504479,0.0420812264500703,0.0300010751639617,0.0301526790735325,0.0282061707078868,0.0380269069455518,0.021045992150384,0.0251699188869666,0.0352198546445254,0.046448459158873,0.0248944563886113,0.0403827287102465,0.0350063419700929,0.0546360196915426,0.0331918651770029,0.03147721229942,0.0409447275966072,0.0420079714552264,0.035930027850599,0.0481659285322026,0.0187556881043869,0.0456504171480513,0.0494720176348206,0.0294908828635315,0.0246581050171954,0.0276920256222468,0.059866366482057,0.0290646543067406,0.0382881798840979,0.0561388441398094,0.0325189644802476,0.0247370273524535,0.0240730506497411,0.0168460127877603,0.0378863295144527,0.0498367483133388,0.0278530697940609,0.0506476398103572,0.0288991626955357,0.0310698958890658,0.0320295139021143,0.0370871057805548,0.056697271392507,0.037575161891782,0.0290439014629851,0.0396630386026549,0.0350509966976832,0.0509826060163986,0.0428788857918128,0.0265759582504095,0.0446313623244865,0.0487834955456979,0.021633577172277,0.0459239813749905,0.036203787402402,0.0478787616884009,0.0434970820014308,0.0502356716275054,0.0455367948092653,0.00965445795010141,0.0411747356425002,0.0478377548178689,0.0492174086103177,0.0178043938276368,0.0419472581545751,0.0429249422802608,0.0470864364190082,0.0518714003265472,0.0457295171371773,0.0640885176219944,0.0510803859162347,0.0339010584162706,0.0452376465474291,0.0395884109093201,0.0631716526078056,0.0365683913948553,0.0470344871222479,0.0421252880123183,0.0498465032876939,0.0676758273328745,0.0168408486428306,0.031681573752026,0.0457217958040938,0.0390432768133434,0.0309085496441485,0.0322629940083318,0.0375626974325337,0.0334113819144841,0.0414642265391563,0.0406862678506114,0.0317692611637391,0.0809366703548455,0.0210571075665488,0.0227732192399465,0.0341826860872458,0.0377717481962956,0.029255808608171,0.0106892498834281,0.0449633113340727,0.0322799118652822,0.0314664487076315,0.059007280423731,0.0432559434352103,0.0366066688276157,0.0834881067632551,0.0384267762220637,0.0378143870111617,0.0363794247264067,0.0543143592407386,0.0345477709225863,0.0813116624840434,0.0649981565610245,0.0182780295108226,0.0379387791306905,0.029348467482946,0.0434946935031698,0.0331006114047772,0.0371101112884207,0.0448093014323133,0.0283926671603989,0.0411003444337917,0.0463681385277637,0.0372114945536959,0.0242556625762937,0.055556178771754,0.0295530316446891,0.0319393466024269,0.0179516393975038,0.0336407694203665,0.0257318661148803,0.0589026413060492,0.0245102412195266,0.0542949326832003,0.0460376454336106,0.0290438615274948,0.0398410323338534,0.0231860861165523,0.0470105038191043,0.0559596112856645,0.0289901690060914,0.0491643090156094,0.0322521615377626,0.0328499430484335,0.0362792590815327,0.0516005890018028,0.0480461338193716,0.0580992018884939,0.0605155598932136,0.0429938334448942,0.0225149026634583,0.0404815537847811,0.020087449557276,0.0215263064239665,0.0208256950895859,0.0554207671278048,0.0622109023174657,0.0266892540718348,0.0348329838482828,0.0519616233316041,0.0558931999013299,0.0709824368866085,0.0269863938325065,0.0606212409210876,0.0234272398151327,0.0576154306551802,0.0232328119437462,0.0138660143800447,0.042649497412602,0.0418307030815283,0.0482115069301046,0.0410323180587992,0.0840820656239204,0.0501713517013001,0.0291986055317084,0.0487357643345977,0.092839846192906,0.0416702353403952,0.0550876737505755,0.0478867517900111,0.0501625099264575,0.0445316082032825,0.0280331605756689,0.0472331905255786,0.0430776414533099,0.046178005484952,0.0453140506390802,0.0477576706987049,0.0419050946922534,0.0417013613901084,0.0655788135378986,0.0405905267319971,0.0235331179334622,0.0213380914118034,0.0395901544506466,0.0288971797055068,0.0494430465409366,0.0369785865064664,0.0581444193532931,0.0285908327596035,0.0172609038923591,0.0238198755418414,0.0537228425800245,0.0327109982648982,0.049556783576351,0.0398065648220551,0.0475076457866148,0.0491270709030886,0.0515539341723452,0.0419919972795403,0.0351816225545211,0.0257218534966114,0.0164926015497988,0.0591185554549469,0.0640914536877748,0.0503770619126889,0.0692758241398335,0.0551363238629715,0.0257516871308089,0.036425833921256,0.0203175110315179,0.0299618131488028,0.0259559912801736,0.0383421886223947,0.0485810143008891,0.0384343785893785,0.0268135660370232,0.0428620596999809,0.0324821627871273,0.054165205748317,0.0318204549248071,0.0307553816749813,0.0750810739851989,0.0576007610860327,0.0496794324298095,0.0275992975610546,0.038488781443982,0.0701740464473459,0.0387213300600559,0.0350135359728801,0.034132402334903,0.0526259705278942,0.0375229357263009,0.0333412183676523,0.0341254410316417,0.035772638038207,0.044202733614312,0.0641476304105865,0.0455357927000933,0.0273454896966433,0.0546393827198368,0.0475072145756885,0.0487604014366615,0.0387821091454617,0.0418015887630907,0.050415616633307,0.0508972533086037,0.054609169778472,0.0384777527611746,0.0424782727048821,0.0431048060721052,0.0296328680951039,0.0396392645787198,0.0540228774309616,0.018266139348161,0.0509558870782025,0.046042868705649,0.0471173195965418,0.0277502757185906,0.0338270516645481,0.0318327144472292,0.0574873021112811,0.0561063508809649,0.0488702045769013,0.0479360819890059,0.031100706867515,0.0368328433007244,0.0435350552576651,0.0403457677528291,0.0434678941235467,0.0419322429743315,0.0281624954003082,0.0600363944812057,0.0351883658809438,0.0406215520520262,0.0720479333144146,0.0264823372124759,0.0400856488665952,0.0369832392585242,0.0357876593197227,0.0394941588333026,0.0231401618312844,0.0617322301452693,0.0464414935130076
